8650
3541
8971
4669
3541
5216
1282
10865
6322
8821
9991
10978
11377
1926
11066
11484
11707
2589
8222
933
1837
10597
4269
10297
5691
8984
11686
998
8852
4415
3561
8583
4711
10130
10860
3288
10464
9567
7129
11346
11829
4623
7281
8940
6524
9716
3058
10056
192
9356
19
8272
8427
8921
1601
653
6914
3630
8823
11424
8414
1412
9636
7992
10452
9455
11708
6145
11020
7648
6599
6888
11499
970
1820
10393
8182
3079
8210
4936
8450
10904
11333
6424
10572
1036
7266
3294
5494
994
1218
2046
10705
2165
3807
10571
2364
2295
10638
11699
8356
5834
3964
21
1810
2289
2805
5051
3835
5926
1758
3200
1824
6722
11068
5757
11684
4453
9180
8255
2678
11091
4038
10074
6315
7400
10817
6032
1815
3703
7557
9997
2164
6223
10352
2152
639
5227
4285
585
5882
11434
3202
8256
2255
8658
10732
10149
1134
3682
623
4560
6206
10619
2497
2979
9532
6756
5553
917
9245
3926
9545
11279
10263
9931
11509
2543
202
8324
10294
3980
7957
10090
2819
1585
11985
3336
322
11102
1330
3020
9498
10701
8762
2126
2484
5349
4164
8328
9061
1825
1371
4319
4240
5584
9168
11387
10562
288
7012
676
2990
5888
4253
8735
11177
11464
255
1572
7214
8844
9788
10347
10596
122
5421
4175
209
740
371
11213
7556
1647
3382
8266
8224
9353
9666
7622
1779
3300
821
1608
9791
3986
11847
4604
3643
4701
1001
6798
2046
432
4209
11920
8854
9698
2101
8517
2835
4539
10482
5046
6437
4790
8141
3098
10413
7039
3390
10563
7332
6285
4573
7336
5514
5332
26
10371
11899
9364
9562
10473
11604
6863
10553
10160
5618
11214
3011
254
4115
7810
3819
8551
3294
7412
6382
5008
2440
3708
8395
2328
9057
7727
1355
642
9507
7715
2608
10193
2449
509
2369
2504
6714
7176
6112
4455
3905
1846
1099
5011
11028
8161
8529
3078
11926
4654
7910
10973
42
8646
9727
1517
3219
5867
10340
11535
5792
8018
5269
2750
10134
4915
7650
8667
9125
7555
5583
10941
4667
1644
7504
7102
1419
7586
398
1150
5344
864
5802
1669
7449
9966
11005
508
10269
9682
9742
925
10194
1568
3867
11292
10643
4811
11130
11018
9394
5442
6145
1307
6048
6010
2
2696
4634
1334
10684
10001
5793
10835
3603
7390
8771
212
4988
1743
3611
4868
6764
11286
8487
8494
5762
678
25
609
8725
3318
7777
4635
7534
579
5650
1179
6458
7991
5154
5754
8934
10126
9753
4030
9528
8967
10380
4963
7154
9031
9360
6820
2545
8328
5522
7081
10146
1420
5200
4632
2247
1447
10114
9397
11113
7915
5791
6698
11273
10375
5235
5156
4815
8818
11960
7814
9659
9682
2304
6442
8270
9831
5104
8610
8110
1661
5369
2128
3366
8728
1470
1846
10100
8821
2712
9561
9948
4402
9770
911
8837
6599
6545
9665
8933
713
8413
9687
4147
2194
6606
2120
1972
8552
1668
3970
3323
467
6452
300
5242
4550
1034
9590
8979
8816
2240
4635
5885
11844
9127
5433
11970
7941
6799
8076
8658
3333
2386
6511
10407
10446
8776
6318
3333
2844
7873
1272
6829
8166
11685
485
10402
6619
493
8307
10572
8178
608
6909
5621
10557
9906
4637
3383
380
11394
7709
6951
11630
1439
8741
9322
2592
118
6819
10442
10889
10299
4507
5010
8083
5611
11151
4597
492
3372
7273
9256
11446
8856
11558
7779
4165
1915
130
10116
3755
53
5269
4187
3527
5435
11657
2439
10913
11133
8469
4975
5695
4048
9268
3932
117
6536
10700
8030
6593
9621
5329
4797
10369
8043
5749
4981
3385
2988
8234
995
1942
4451
8693
6977
8463
9544
5595
170
2730
3906
7781
3771
8392
2503
1729
291
4410
1668
6823
1676
6260
8134
2612
4051
325
11130
4747
927
830
10248
470
3077
8015
8861
2014
3995
10933
10259
1174
989
6329
7497
6548
5406
4520
2092
8624
3367
8013
5253
2855
614
2784
8258
3283
1662
11734
7871
7018
6464
8792
2369
3032
5101
420
9787
9212
4800
1035
2408
9529
9633
11874
4325
4438
11766
7325
10048
6231
11971
10557
11711
3134
10342
1453
2305
9259
11761
484
8696
338
2660
4043
4833
7275
7936
6138
6598
5068
9663
4010
3166
1544
10302
7327
11554
6608
4624
4052
3173
350
6394
915
11773
9353
10106
4597
3062
4945
6665
5343
7599
6896
2885
7625
2201
3190
6034
6855
7171
9025
6389
4785
7062
2076
2856
5366
9479
10306
9211
1237
9596
1283
3357
8877
11617
7915
11227
9628
307
4960
2577
8376
8026
11399
9875
11641
9363
3885
7872
4130
522
2039
6140
7518
3999
7190
6015
1302
4917
6477
4791
999
1538
1817
5958
3815
7008
8291
10418
10084
4317
8874
4285
2370
3759
180
11817
5051
1811
1069
11407
3562
4447
2434
10265
2140
256
390
3559
5999
1589
8367
6238
4337
7074
6201
4627
348
8431
376
6115
11674
8382
6931
861
1245
10805
3302
5415
2463
4893
7530
6526
1962
8154
761
4117
5895
6510
7847
1528
9788
9510
11131
4606
5417
8893
2129
5067
11016
9228
10841
5796
3316
2312
786
359
5474
6283
7662
9966
3927
6077
6613
4489
1513
1906
5652
1880
11889
4837
631
4418
9390
9373
2436
6707
871
2058
7722
11209
1943
4738
6490
308
3187
957
3232
7519
6502
2308
5100
439
5728
2215
706
10386
2946
9650
8674
10397
629
2735
3939
6382
1829
3937
70
5681
2085
6772
1503
11162
7507
2431
4617
1193
11758
3712
4930
4459
6166
2881
7500
11543
2178
1800
2716
10578
1704
4661
185
7988
2564
6124
5330
9431
5356
417
8542
2576
2495
137
11383
2157
8007
11044
6359
9009
3846
5029
4141
6380
3107
11774
4901
4804
2411
6233
6551
11155
11111
8174
191
10278
7634
7368
9952
8631
11359
7862
2693
6916
7880
6917
2639
6499
2332
8719
5056
8652
7648
7934
3459
263
6193
7414
10597
2639
2172
6081
8602
7378
4538
11024
8201
7021
9808
280
2773
4302
11289
1553
10299
4279
9652
1297
8894
6519
11630
10142
9598
3689
6790
4533
9534
6569
2934
4777
1245
9433
6614
4340
8221
4131
4574
6280
4081
9922
6628
10138
9812
5218
2572
10379
5676
10872
9153
3648
2098
2518
1974
4674
10791
5672
1367
7526
11810
11935
2903
268
3971
7606
8091
6696
11200
3371
7193
881
11911
7465
1754
6693
6368
10808
9531
3232
10285
11102
8946
289
5510
1721
2028
5494
10703
2470
11988
718
253
878
152
3610
6475
4695
2948
2788
259
6576
4921
6278
10839
6733
10504
184
8255
8352
11301
6390
4339
6152
7105
10245
5676
10222
7722
5731
7026
1588
2817
534
10079
2493
10630
731
2136
11423
11313
10469
4517
8196
1003
8064
4938
6235
8400
8345
10027
9182
4749
7902
9411
5554
6514
11011
11410
3936
9911
9604
4429
4494
11618
525
1487
8150
4600
3650
2117
10777
3898
3068
3979
4099
2574
10616
60
7729
2707
2425
10210
3881
10390
8979
6032
9767
3157
11315
7778
10548
1051
6555
4912
7943
6796
2885
6389
193
10061
7365
2472
2079
11782
7651
5014
3022
4827
729
7695
7047
10980
191
3535
4481
9309
6379
10303
7746
1408
6877
9072
2462
8861
8391
1164
8301
11441
4960
2142
7643
3160
9740
2250
61
11209
2284
10834
5022
2175
10253
3820
11921
6607
5944
165
5666
3074
1790
9499
1519
8331
11172
6796
8747
994
5416
8918
8867
2371
758
4275
8895
5615
10387
601
942
3382
8291
6979
6922
2429
1730
10761
2800
11346
1530
11928
8965
4655
2223
8672
9763
6964
5194
4644
2093
8707
9569
6305
6203
4175
9467
6222
5415
5131
560
8884
11497
1252
5523
9794
10762
7955
9031
2045
4685
10877
353
5548
1959
8346
11395
8261
2373
4620
10212
8481
4753
1521
4562
8212
3450
6255
10960
6051
2444
10818
4037
5767
9138
7316
6612
9908
11249
11850
4993
2256
5943
5336
8385
2871
471
10677
116
8692
6041
177
7538
7323
5499
4900
7015
11634
2659
2871
4310
196
4692
3608
1007
3336
981
6404
2239
2719
10204
9108
55
9889
138
2866
178
4100
9775
10339
11677
5988
8829
2369
5285
5319
11565
4909
10595
4032
114
181
9300
4188
3043
9676
10957
8202
1925
9479
5389
9871
10012
10786
11895
7211
6853
4154
5875
10026
787
11093
6234
2372
11742
3082
130
8729
7599
11888
5150
10688
8652
2288
10937
4381
248
8854
10562
9603
3725
4423
2619
7737
10073
1173
2065
9108
11514
1976
9224
11252
9270
3697
8199
7874
11303
1644
2074
3907
1615
7118
10848
1062
10992
278
2964
8690
3629
2053
10566
6510
7067
5833
4318
2896
6250
5959
7631
6950
4213
7741
4588
4431
10030
10819
4623
8934
9127
8121
2206
10279
1935
490
7312
2142
59
267
10367
4313
8776
9676
3673
1735
8639
11818
1965
2617
5315
7402
11810
11436
9536
9032
8958
11494
10114
2954
2584
12
497
1608
3464
4326
9148
7171
9757
10807
10304
6444
6892
2468
10246
1041
11432
11034
3209
11783
397
338
6405
6496
9600
2460
11383
2153
4963
5878
1015
9346
5573
6186
1934
11524
6397
2563
11048
3274
4128
5177
8032
7109
3554
2121
3264
6798
2125
3214
698
9231
5065
145
9466
4138
4425
1959
795
3665
6881
9759
9865
3903
4884
768
9776
9901
9925
3518
4595
4524
5237
6969
725
11723
8151
4716
421
6343
3652
11238
10253
11549
299
8255
2703
9299
7768
5770
2777
4936
9655
2281
9638
10117
9996
5898
9749
10681
3103
4717
8853
3927
9896
2856
5368
6946
11772
7905
3373
10239
3418
6330
3323
10807
2569
3497
1030
2189
5807
2488
10122
1679
901
10789
347
4978
9962
4159
1544
4008
7881
10660
8948
8440
1058
819
7770
11680
2312
2281
1540
1638
7222
3079
11733
3545
8745
6786
3521
8426
1053
7321
4236
2498
11920
1057
9245
5897
9796
9176
2386
1519
4867
7803
11012
6635
2952
5504
8889
3116
4982
7107
9807
688
5140
11549
756
1572
7363
9615
1854
8204
8988
2941
2964
4430
3712
10518
10023
4622
9860
7225
5616
640
6087
2538
4136
11369
7219
8577
2159
1773
5822
1047
1222
11964
415
4379
9190
9752
4882
1523
3768
4462
9696
3345
3408
7488
7983
8498
1010
154
249
9838
2258
11875
10749
2176
9314
9454
10050
6078
1812
3544
10211
11893
10693
10876
5341
6894
4430
6804
6947
584
11503
10049
10508
709
11758
8203
7164
11441
2370
10668
6179
1407
5597
5104
3
10924
11399
10320
4323
6780
2201
10734
8380
5301
1693
5091
4154
10206
4545
1092
2654
2884
3257
1895
3633
11240
4115
8168
9417
9146
8306
4429
4375
9790
6752
2872
6704
4868
2045
1688
10737
7543
126
6109
3926
4518
11953
2952
2912
7321
11349
5415
11807
7004
1632
10178
10796
4038
10310
1581
6646
1991
2255
1711
10454
11918
5253
8683
8171
5951
1662
4235
3953
7665
8160
1935
9316
9115
2164
8893
10389
8244
6477
2805
3183
5497
1083
6491
10876
943
8735
1789
7514
5170
11087
11714
1314
10397
6609
10294
1954
2956
363
9263
9726
2247
10969
8024
8409
712
7678
9860
9957
10087
10460
11316
7791
3368
6367
11013
2540
11399
4163
10827
1450
7916
6308
8482
8523
5120
10888
10006
589
7486
9913
3366
1045
2539
8639
2774
5960
11715
5203
727
6472
6172
796
7822
7138
3562
1994
10671
9884
6304
574
3966
9664
7739
255
5824
10702
3864
4291
9960
5365
4941
10678
8101
1270
11299
3000
3212
8134
5044
10506
713
4167
10134
1029
10803
4485
7435
8674
315
7063
2867
979
1253
7156
11650
1300
3226
8912
11901
1721
427
7083
4505
9576
2651
10266
1153
10949
6039
6020
8862
11111
804
11530
11033
4819
10144
3113
6238
10769
2880
1937
8465
10242
10053
3730
4398
8043
6776
9043
604
8364
11102
1821
8120
5022
5497
5541
3940
8775
3674
10138
2307
9997
10167
1199
3455
11017
7924
11585
11602
6739
8560
2700
3495
4909
6597
8002
3693
6516
5075
7199
11048
8256
9397
9689
6471
2885
3084
6384
11080
11485
3293
3957
8222
298
9570
4841
8617
1743
2211
4004
5011
2592
970
11518
11233
2027
4519
6418
10442
6382
8161
2086
8619
3866
5736
599
1964
11427
1491
9002
8920
11123
874
8400
8886
3004
3798
7047
2476
7454
9856
3277
10287
8336
10318
9169
2686
10972
6402
5259
9980
8131
5423
10398
4620
10662
5843
3021
10707
3261
9096
8651
5092
2102
6241
5360
8744
11657
5073
10210
2831
7024
8282
11377
1070
1426
1569
2677
8452
270
6321
3658
294
9282
10521
1202
873
6689
2039
11746
7491
297
10247
782
9871
9521
11106
8211
4137
52
7472
6419
3429
10814
281
2606
3298
1212
5620
3950
5571
11426
7384
5608
11262
1582
1302
1329
9328
5144
3536
6650
5771
5688
1926
9170
8527
492
8110
3320
4033
4938
344
342
7073
2749
9806
3852
8685
2391
1459
11416
11384
11741
6279
10976
6875
7204
6721
11755
2666
9947
9726
10451
8643
10786
9423
9053
8685
2465
870
2557
5758
7713
8728
11113
1725
5390
8763
9856
11207
7454
5341
6660
385
2146
4813
9513
6476
9948
4757
10994
11905
10321
10475
5476
10829
5084
8999
9273
6674
8553
5020
2807
9727
11125
4771
5219
11611
4010
2803
9471
10577
2135
6949
2059
4080
8014
455
1869
4984
9438
3329
9479
11008
2357
1419
9420
3656
1171
9553
5404
4887
5852
4253
8484
1170
10976
2147
388
7330
5668
118
2923
6730
5865
4569
7423
9839
997
3883
11599
4125
6322
4218
10953
8484
1599
2254
10108
7035
2678
5296
7897
8138
6770
5364
9042
6869
6812
9472
4474
10955
5282
7231
10075
9299
5213
7253
11628
6754
3840
11522
4180
10667
2472
5984
854
9998
10610
6030
11255
8443
11229
3414
1213
11013
11349
296
7483
10885
3629
10728
5344
141
2705
3792
9689
2098
10342
3986
3252
10495
6212
5091
1021
1647
4185
9881
9699
7973
1549
3443
9233
902
388
6736
1960
226
8588
3179
3874
5288
4572
8672
11765
7232
10796
4368
1683
6605
6457
7860
6217
7162
3525
2144
4474
601
4375
4778
11478
10196
9747
10130
8825
11962
610
11406
29
7978
4771
6376
5857
7887
6630
11264
1292
5362
6500
3237
399
4435
4252
7236
10419
8144
2763
1612
9847
796
3783
3077
5031
11427
2277
959
5995
3678
7190
7545
10732
310
6786
11523
6157
10965
11339
9077
3153
1564
4916
6182
6861
6829
9358
3915
1369
11973
7302
4348
8413
11460
11166
7627
2445
3999
1534
3325
9642
3594
11212
6926
9938
8458
8454
3575
11100
5004
2481
3719
4136
875
4374
5284
8035
7129
6799
6306
4830
5180
4739
669
5426
11012
10503
5649
8432
3427
7804
1441
6368
10721
9499
1635
4212
11212
3852
11847
119
5418
10781
3249
1475
9440
6510
4711
3098
8260
8434
1591
2451
2148
5709
8899
5130
11295
3190
1647
2720
5014
8840
11633
236
518
5559
9743
7947
264
3634
6058
8271
10282
1607
8596
10738
4619
3339
1517
8691
5211
7410
2897
6404
3972
1719
8914
10769
4800
5244
5330
9440
3454
4437
4629
7534
4873
1539
3975
11506
573
6360
11375
7743
9067
5671
2980
4716
4092
3329
5431
7186
6515
7610
3461
5025
8310
9962
10680
3603
10907
11496
10529
1511
3437
10007
10858
6532
3085
5171
11374
353
9713
8816
10451
8370
6363
726
4322
11304
5963
477
1652
5947
10728
8102
5801
7445
10243
1149
5800
8918
5103
10796
1114
27
9259
3148
736
10252
7840
3723
11971
1196
232
7342
4475
5140
617
268
671
10392
3869
6382
639
3590
9914
2589
5879
7230
6125
10329
6058
9035
7223
4208
7914
8646
5424
5227
7964
10222
10194
945
8454
11118
9007
2154
5209
712
1858
1230
8614
1750
5081
1317
6908
7247
8119
5858
4276
9016
443
10715
957
3325
4675
2212
632
10973
248
9945
3821
7242
11558
9022
2836
1719
1598
4668
6035
6922
4431
6688
2701
3915
3613
8307
2822
4825
6856
11230
8352
10149
3670
6508
2267
11220
10672
903
10766
6949
468
10918
2453
9142
10668
7523
120
10249
3606
11824
3996
1301
10723
3554
3859
8081
4327
2202
7385
270
5587
11007
1421
9317
9123
8720
7565
6226
5462
9187
5527
4239
847
8249
1169
7549
5576
1346
2969
5744
7026
7413
839
6580
9900
3279
2809
6978
2037
1750
6035
3829
5196
7923
10913
6190
8815
2001
2779
8930
558
6985
4753
614
775
6100
7735
5644
10625
9673
9376
10167
11603
2399
7059
5207
7632
1554
6487
2767
11613
8673
3437
1309
2478
5593
11549
4057
314
10458
3732
3016
9970
2427
8832
5343
11881
1270
10663
928
4429
9915
1328
6541
9190
6242
941
857
10826
1001
3461
5922
5092
9739
7275
10341
11615
1961
11501
3460
8594
10486
4682
10277
434
8058
1615
3578
8635
10766
508
6978
856
4662
8477
6087
7101
1224
10603
10942
3356
882
4348
1117
7778
5838
3047
7642
4656
9753
9565
10833
2896
2588
1867
624
644
8031
4339
7738
1953
6380
6158
6213
3009
7635
6805
10361
6465
3775
7040
2124
8791
1792
1233
115
5350
8057
3856
3275
11000
7920
3330
2137
8580
2198
8049
9100
9481
307
542
3900
7802
8260
2130
1657
8203
8631
295
390
7585
8792
4166
8829
132
1361
2085
1652
9968
751
7204
9911
3874
4092
340
9499
5980
9509
10055
3888
3244
5858
7981
9182
6810
1489
10859
11696
3947
1475
9600
808
6293
8970
5856
2755
4535
4952
8179
2325
9376
3621
2785
3093
5816
4027
8269
6848
261
6297
1321
9330
5880
8864
9550
132
2866
11652
3995
7841
2925
2968
3705
2996
5301
5118
3992
5385
7045
3361
6510
10481
3010
4784
7276
4494
5152
8058
4084
2549
10275
3740
5434
3930
6216
7911
7200
115
728
3420
10692
11495
8980
2838
2600
11216
4562
7492
3503
11501
1327
1513
1212
3099
5102
4852
6133
183
7480
10543
2214
3043
415
9248
6676
1372
10187
10192
6855
1698
10629
10113
907
1708
10085
687
2948
7747
6624
4113
2410
11691
7397
2168
11977
5680
2786
4002
6384
5882
6151
2316
5722
3483
7471
8286
3566
2530
70
4704
6329
37
7880
2283
11685
5940
10333
9940
2750
5024
984
4094
10867
5866
8348
4614
3473
7132
1203
4053
8418
3231
3743
132
8466
5369
6486
9196
5406
10477
4711
10452
10247
5265
3478
11286
459
1826
4912
4798
5015
4772
11443
11962
1205
7767
10086
6369
9761
9660
11607
1541
4782
11051
549
7122
273
1188
7609
7022
7818
502
4755
7643
11960
9877
9711
3853
1337
1937
6090
2182
428
8148
2464
4985
4977
4481
8057
7880
9713
9647
6472
7787
5971
3600
10054
238
11102
10048
11955
10336
7293
1117
8883
3887
2466
7120
8764
11667
8400
9536
188
2687
1018
4870
4526
9496
8996
2950
4978
8219
9430
5547
9592
11979
9225
11841
5415
4702
2218
8314
6456
11061
6730
10071
1033
7396
6325
375
8320
11940
5994
1349
3570
6528
4825
1360
2480
213
10384
7482
7571
3790
7661
8767
9195
7243
6317
11700
944
3460
353
7248
9720
5295
11982
9361
10638
3186
578
3547
4173
2979
2020
9320
1615
8489
11567
3879
6903
6568
2610
266
2286
2019
220
9557
6039
7716
6351
7329
4585
5624
6880
1643
883
5134
7396
7244
5853
4272
4667
8450
5826
10768
4230
1372
10703
7876
5311
4662
8455
6031
534
8880
6039
2060
11404
5893
4526
8622
1549
9367
9397
9927
5978
5461
7468
5500
6357
11249
5785
9870
5349
3196
5103
2541
11517
5177
11193
9461
141
7057
7235
430
8454
8806
11939
2490
8412
11367
6801
9344
8050
4203
35
7171
11799
6469
4238
1962
8834
4187
3728
2594
4617
5580
7749
7351
8212
6906
3404
3437
4821
5659
9134
11280
3143
8940
10019
12
10760
6074
9862
3502
1699
10237
10227
9675
10638
7877
7052
11560
9918
7167
1385
8659
10618
3467
8040
11651
9374
9001
6595
8361
2469
5450
1193
6104
3896
8102
10964
3150
10703
10495
5662
8024
843
5139
3259
11723
2102
973
1721
632
11367
1601
10109
5075
7568
6176
2383
1863
1084
6931
946
9108
5221
7934
1957
7760
1572
2554
847
952
4652
6388
8218
11222
8120
118
7451
1017
7274
759
7863
7636
151
10223
7124
9850
675
2875
5929
9955
3738
4954
4540
5818
3900
274
6831
2761
10636
8502
6855
6686
3588
4672
11712
7863
3256
9175
2642
9124
7885
592
1759
4973
1992
1095
2762
7190
4052
7956
171
6015
6338
10883
9340
5847
4686
7427
8435
8605
4203
3618
10020
8544
10485
8313
11601
1248
10855
9370
1665
8923
8480
1817
10208
3815
5908
10622
2689
7694
7637
1432
3555
9826
11789
9843
4173
6712
8780
3284
7962
93
8081
3542
4951
7333
726
2216
4720
8284
3193
84
2833
7061
5584
10404
3382
5928
11758
5562
9138
3556
7112
4318
1081
1435
1188
1032
706
6047
7076
4805
5527
6659
5813
9403
2563
9185
1521
6103
4387
7556
10013
5278
5417
7393
7875
586
6683
6492
8780
39
1141
10766
818
1021
8911
2736
9119
1489
2432
2546
1827
1155
5531
8690
2721
6325
11811
9245
6324
10410
10511
10406
3314
6755
4126
1440
11349
1494
11597
11932
5140
7554
1755
6304
1678
8722
9977
6036
9947
4850
648
11916
7312
5841
1010
4852
8948
937
413
2380
252
11164
6694
3003
1148
424
10588
9831
1485
6796
9550
738
471
7997
4295
345
4109
5767
581
1634
11107
3111
9433
1823
5507
3850
8994
10414
1503
1892
2588
8871
504
11876
8341
11418
6409
7560
5829
6758
6421
7333
4763
7287
9416
1658
9565
3454
1944
7055
4002
8393
5402
11391
7632
9844
748
9786
860
10571
9302
3372
1784
7118
3777
4426
5759
1701
8629
5067
3758
3421
9112
2754
6108
4676
4174
6239
6088
8787
9348
10419
3106
11317
10291
11693
3835
416
5405
9003
3688
773
9209
7602
8406
1333
8685
949
6271
10951
770
2736
9642
2480
6507
4154
9966
6535
4039
8868
1337
1290
739
6016
7945
10121
2188
7665
8357
785
4546
9745
621
6041
5086
2363
8549
8245
5176
8722
7312
5395
11018
3514
5590
3503
11711
3711
10075
3860
11947
5106
7962
5898
9702
716
6367
10810
9747
10364
8221
11952
7606
2285
2212
7300
1827
1503
11731
10796
2952
8053
8542
5457
5573
2756
11032
11415
11156
7323
10395
833
2015
4964
9026
6736
2909
9484
1620
8247
6162
3014
5135
6628
7055
5054
786
2695
6409
4445
5615
10841
2884
5162
2949
9837
10444
2497
2199
11947
8766
10244
4956
5647
6087
5909
10231
1313
9036
1770
4956
7736
8458
4771
8473
2178
65
5787
11794
11922
7928
6707
9750
848
7434
4075
6952
6581
8244
4705
2606
10087
1130
11720
8717
331
11275
4883
11152
9729
10682
6896
7239
1586
11782
5484
7260
4574
1180
1652
10168
11549
8648
1404
292
10594
10070
5504
9511
11159
5979
7548
8529
11527
3663
8626
7420
9572
4504
1306
3462
2868
7288
6438
1550
8695
10698
11454
5145
3341
9984
6391
1674
5341
10041
7767
5744
871
11682
8740
8228
11537
9842
4654
1488
7114
7782
4106
6449
4543
8052
3097
8170
1599
9052
9620
8791
9115
11478
10201
10388
5510
5764
457
1274
1582
1828
6653
1676
175
4005
4535
455
251
3010
11373
11727
8298
1068
7204
10679
1723
10098
11677
7846
10975
9849
11695
10290
1636
11398
10222
4836
562
5186
4146
2475
5404
2027
11053
464
4417
4036
6990
1402
9483
10429
10039
4693
1582
2434
11506
7338
8725
6257
9987
1853
5435
11150
3335
3411
4350
5028
11751
11909
384
2957
9741
9686
2106
3992
7609
16
11613
7446
4442
5234
5134
10617
6229
10520
1970
4297
773
11857
9117
8132
1497
4576
1000
935
7013
153
10235
5527
4525
11572
10211
11494
642
1577
3482
10456
9122
7505
11587
5007
9351
9187
11897
6448
4029
4504
1418
1743
5580
8731
10249
6850
4218
10657
10471
7618
8397
4760
5720
8934
4546
2324
2580
7594
9507
5429
1142
10578
2067
6097
2671
2003
3188
4665
1335
2949
8295
6589
4282
697
6951
3369
10075
11609
11714
11221
1633
959
10732
6326
4266
9464
9836
6173
2280
2100
11387
6495
6841
7981
5099
8682
11400
4651
4316
7352
10951
94
5909
3843
5767
5087
10998
4954
2978
7219
5113
1106
2451
11986
8225
10398
10939
5796
7206
4620
6296
4569
11861
4350
11798
3797
10573
6607
7218
9518
6886
6311
2264
595
10051
7943
9379
7016
6554
295
596
10646
4121
1099
5269
3911
10437
1584
1981
10373
6015
9634
2762
2942
6178
252
9023
6711
1047
5404
171
7941
6716
96
9884
8695
11449
7651
11368
3930
9814
2684
7641
10553
1030
11160
6011
10048
9667
5158
3388
1688
2933
5641
4912
6210
1388
11492
6640
10002
4802
3520
9609
5440
6179
11852
5586
7962
4652
8296
186
6782
3969
7753
731
5848
5734
2655
10379
10731
11335
7665
4481
11582
9697
2496
4023
6083
5482
4754
8213
7588
10346
10049
11885
8142
10093
11424
5383
2082
5281
2257
6927
3205
1845
326
6207
11219
9735
9590
7051
5234
7378
525
6483
11532
11882
7469
9372
1656
7528
469
8069
1068
3931
5463
11055
197
606
8460
11599
10649
10301
2440
2782
7675
3535
278
963
5684
1163
6836
3884
2684
626
2641
2092
5951
2655
224
7178
3081
8806
168
1621
9764
10064
1341
4574
8192
11081
4519
5950
7964
9275
6759
3490
6683
5042
3388
8263
4133
6780
7360
7109
3986
8197
2004
6054
8473
7541
6796
6555
2229
8949
841
10695
11766
3016
7099
1
576
10986
8176
5607
8822
10629
1620
8779
2902
9910
9194
4574
11865
4994
6461
3534
10735
7880
8297
4740
9254
4183
8578
4464
6365
7074
291
3852
7972
1336
11722
10691
6070
9777
5123
2283
1308
10912
4396
4823
2353
7867
3853
9384
6139
9872
994
5740
1135
7520
503
4718
5256
1103
10297
1654
2810
5925
5489
11714
5135
9364
4494
6500
7093
7788
3283
296
2589
3061
912
5689
4575
4453
5990
10029
4711
2154
11604
4280
4921
9411
9506
328
9548
11467
2994
9619
10613
7003
7930
5286
1903
9738
10729
11483
4173
10115
8906
9650
9707
11661
5922
1785
7793
5667
7559
9514
5382
7257
11955
6884
1273
1676
11702
4256
3596
5843
2008
544
3215
8708
9990
5282
1861
6910
10500
589
11371
7506
5683
6107
1375
11203
6594
7309
5083
5595
1694
5342
536
8294
4962
8651
11734
656
5600
9109
554
11963
3954
4255
2123
7474
6278
2448
5579
1658
4369
3368
6694
8244
8844
2262
2763
3352
4985
2701
7546
1051
1569
7336
6685
6085
6019
1251
4131
299
7430
11987
3560
1489
6702
4165
5570
1905
3993
888
5650
4593
10121
6663
5515
1036
2270
1615
9298
1205
3524
88
10469
9214
2249
10460
1014
10163
5233
9126
3488
8544
1749
6059
3027
7769
8361
4230
4190
11912
10282
4386
8734
4677
2492
4311
4993
4901
10594
3649
9454
4553
5495
3738
10498
4262
5550
6649
4920
8793
4651
8687
1950
2709
3043
11140
937
6603
9259
2891
11683
4851
10592
5732
603
729
11899
1847
3485
2052
6307
11900
10543
2144
6514
9506
1803
1011
11889
11630
2560
1978
10492
6513
3697
7875
335
11258
2134
4001
4920
6028
2482
4658
10026
3045
10182
11940
10170
197
10973
5787
11867
9035
7513
944
1008
7284
11248
9553
3146
10745
6388
1476
4378
552
861
10279
792
3235
8614
6950
6047
6908
8424
11987
5702
7098
8591
7386
3278
6379
2474
11375
799
6923
2736
10397
3703
10449
4558
4888
512
3778
5703
9806
1564
4319
450
5693
4327
259
4825
9170
1503
5133
2413
11345
10102
3643
3193
6533
7067
11205
6459
9941
5806
3713
4805
5691
2094
4315
11488
7564
5352
4779
2190
2264
4167
2097
6257
2818
5206
2454
5952
3878
8292
4589
1095
5232
5434
2731
2631
2759
1986
5977
4278
5355
1869
3904
6322
2015
7935
5580
1987
11316
3055
8886
462
7932
5399
3132
3786
5664
8653
6464
1215
11553
4535
2399
2519
3273
8984
7043
8874
9856
10818
2188
567
10116
8358
5421
697
11824
3714
4777
5372
9695
5892
10150
1604
1694
8796
2836
8166
10941
2459
6017
8160
2690
9456
4867
10810
2360
9472
7209
260
3548
11409
6219
676
8243
2133
1692
1936
5099
135
7721
4493
1716
2870
10361
11716
3240
2448
6988
7070
8445
3582
7505
9952
3572
10359
10432
3833
5784
2406
4134
1537
10000
8401
9041
3082
5155
1652
10717
7437
4609
597
7959
899
482
8590
6870
5458
11088
8233
10925
2632
8445
11755
555
3670
1020
611
7613
11865
9374
4442
10321
910
5330
11962
2913
6805
8565
10076
11145
11782
4173
4678
10221
11010
8832
7101
7415
588
11585
2040
5752
8366
68
2091
3609
3597
6166
8619
11960
7259
2634
10735
6198
2077
10121
7516
1082
9832
362
9372
1349
11528
9923
2612
8866
5280
9970
6751
11944
3510
2927
5008
11532
1085
8686
4691
4490
11514
1207
9814
10006
1116
8880
3296
7440
7282
6933
471
480
10531
7500
5423
1500
1004
563
8771
5335
6372
9106
2053
9440
5813
10166
9751
5491
7814
305
7245
11982
1994
9170
9630
2212
10949
8374
10347
3293
3348
4815
3954
7424
67
7882
4130
10638
7102
10632
2145
4597
10319
6091
10530
1743
7816
7226
5591
9214
3715
4950
4642
2403
6695
10672
9483
916
7354
8465
677
5899
10725
10815
5539
6319
5825
7250
2520
2752
7066
766
1822
2599
6695
7053
4575
6378
9113
9908
6786
10848
5001
3051
3571
1179
9651
7684
11754
7287
7676
8721
9000
6621
3535
4494
8979
3352
5826
11071
6848
9848
5294
6962
1472
716
1784
3036
2307
2377
2110
3908
11764
10295
8854
6831
6131
11417
1567
6291
3769
3270
4678
5070
304
7366
607
11435
6931
1192
2143
11422
5705
4029
5122
4833
2821
11202
8746
11634
5427
11103
4576
7828
1349
7418
8343
694
8432
5481
1110
2454
4777
6536
6210
8933
1213
6908
3531
11758
4697
693
1321
877
6124
10562
7623
4878
4138
5634
4784
1632
69
75
11179
7182
11996
5236
10343
4608
2205
3565
7204
6771
7935
8433
5873
9364
6338
2217
9691
7630
10942
5590
9794
1395
683
7962
1394
6737
3710
10365
11318
638
8661
5791
8031
11416
8020
4124
8453
8494
3404
11268
2324
241
9283
10933
4693
10185
7636
4778
4314
9775
7434
6198
8305
208
9613
11057
3358
4456
6327
974
9144
1719
777
7554
2233
5914
8822
11013
6912
5614
11811
8168
6783
1024
3729
6583
11782
10122
2763
11916
3511
2990
5771
2115
1320
8703
5903
1067
6546
6750
8759
3713
611
5045
10994
8295
6416
3011
3129
3589
11520
4954
9647
11396
4032
2203
8027
9451
13
9943
6430
5125
4318
10652
11112
3914
9450
4314
11402
2679
2900
260
240
7957
2780
2519
7745
10398
2286
4
10214
5492
11553
10615
11170
10211
950
8546
2758
5081
8683
10597
4760
11384
9744
6233
905
1850
4868
7404
3931
8116
9058
11819
1945
1652
7600
1415
5181
6524
3163
168
133
8514
683
4198
7286
11573
7136
4265
9312
11435
9182
2343
8639
11491
8809
7811
2621
9555
5723
5157
7382
218
11154
5714
1471
9767
5071
3016
10016
9433
11528
763
8955
5803
895
2187
9151
4717
5203
7784
1866
10851
1662
4896
2077
7378
7590
7580
6482
2738
5566
10458
4828
2510
8604
11943
10320
3741
9414
8251
7393
813
3565
8045
4990
4054
5405
8343
10779
729
8070
9494
2365
4982
6706
2558
1563
8441
3262
363
1195
4885
1759
3786
10624
283
905
5481
4377
5932
4240
2329
9733
3100
702
7282
10021
2715
8580
5085
2648
3120
11259
8519
10504
753
11992
2357
10414
8863
9143
3127
677
7955
2900
10099
1519
8660
1425
4542
11392
5070
10712
2381
591
10304
155
7765
7533
186
2852
7878
300
5398
8182
4476
8708
11309
5965
11181
138
3937
10735
5488
1789
4085
3237
10717
6755
11678
6194
3836
9459
6700
2723
89
1516
5832
4474
6816
9946
3013
2638
2623
3954
3644
8438
4238
6111
11960
2503
3920
2786
9392
8768
7226
5068
8284
8086
2214
9176
356
1701
6837
8499
2636
5054
3331
9901
7313
6080
4802
8845
2093
11261
6037
9106
86
11105
7692
1538
7135
8585
2596
2308
11713
5243
10801
2452
134
2252
10302
5332
1775
11688
1041
2735
3409
2548
8810
11841
6425
10814
11149
206
11870
2861
9047
8137
9674
5031
8507
9485
4328
6960
2506
8909
5473
4474
4856
4017
491
5445
10718
8587
3147
2935
8225
10180
1714
8277
1699
9988
7714
4475
5350
635
4534
3320
7172
6917
9652
8132
9889
5099
3050
1814
9354
4402
9650
5133
10736
7702
7181
10698
9109
7219
10891
10061
5718
7111
10863
2709
6269
6407
10420
6368
8978
6590
3223
6177
9912
8413
134
1678
7349
4159
10776
7438
7390
10567
2954
7292
11997
8043
5702
9783
3922
9532
4711
11316
6651
9554
10233
7874
7533
431
5305
5842
4699
4615
10219
11545
5131
11291
7679
11593
10458
2057
1896
3896
2546
4504
6151
10463
6917
7901
6921
9633
291
7958
2662
11368
11228
1762
1713
8538
7877
1517
10471
9835
2281
8572
10150
8029
10452
11523
7861
742
7617
11777
11661
3695
8574
4991
11389
2646
4008
9196
3774
3757
2919
6162
9234
7104
8984
11696
9155
8365
2702
9100
2191
9418
11610
3869
186
5648
7633
6995
6850
4228
5810
8876
5136
1448
182
5835
10518
369
8530
6632
2968
6660
11968
1148
2417
4416
8045
9505
8824
5086
7056
7452
4725
9337
6697
2692
11241
11746
11961
5107
5979
3684
1371
11466
1148
10549
1168
8233
2417
7733
0
8434
11675
7259
9948
4367
7784
1999
7393
1007
6845
4671
1274
11531
3153
556
692
6235
173
9917
638
9384
5324
8564
1746
7193
7233
6834
7563
8122
3322
2450
8705
72
3234
9303
11598
5818
7556
2143
8128
4170
11654
2492
11613
7844
3193
7801
3897
5929
8979
1919
165
9078
10275
8439
2251
3216
5589
7253
9759
10541
140
8892
3213
6997
5852
2787
8778
1158
8684
521
3724
4592
9448
3494
1889
6298
10028
8099
8775
11675
2997
4592
8730
7775
5112
288
1838
7191
2024
7538
5656
10978
2783
6132
8886
4367
2300
10376
2351
9803
5920
2990
9298
9981
2630
9362
8115
11054
10128
8328
1963
11073
107
1777
5597
7000
1575
6791
9854
11249
5901
6868
4788
3734
3490
6986
1389
9780
614
4818
1076
37
7891
9379
9868
11637
3264
8688
137
6389
4079
5753
3284
3652
10927
7236
11487
4821
6446
1623
7801
2978
1093
11542
11470
5273
11145
8054
7205
11007
11794
9364
11487
9117
6172
281
7615
8929
5520
6141
10268
5544
6400
11572
11759
2103
6012
10563
7972
9460
4116
5747
10104
3400
3931
5641
10926
8578
4611
2770
3146
4714
6501
9187
6787
2375
7366
10851
145
780
9125
6634
929
6584
374
5462
2618
505
6056
10111
3856
7889
2162
6704
7867
11958
4151
8700
6432
510
9047
9435
10862
2202
6762
9797
6729
11330
8169
3592
9750
4144
9811
2492
11283
11252
3868
1114
11310
5561
7091
905
8563
9444
7923
911
11637
2488
4843
4376
11449
6158
7233
6271
2357
2132
663
2460
4508
10787
9453
8155
7672
3489
4766
11618
6874
10826
6158
6785
4519
10824
4683
1558
8527
8428
8071
2950
1163
6207
5405
4114
8760
4201
9900
1453
497
2258
4050
4619
4640
2945
9335
128
9361
11274
1082
10666
8261
10972
3757
835
6172
9928
9134
194
6575
9714
11187
9862
10163
5691
11484
5814
8610
1258
9045
10161
2522
2153
5230
7308
3859
8503
11254
10830
4741
11434
3203
3203
6656
11600
3232
6272
10454
823
3680
11363
4315
9353
9333
4441
10082
11852
11936
3504
1838
1244
6263
10617
2563
8948
8670
9572
10994
765
11040
102
11467
1857
3377
6882
2562
1722
3035
293
5814
4999
1693
3959
11522
2179
2632
9527
854
11923
6764
4
18
1729
8068
11132
5144
10052
9693
7885
9864
10747
10998
8103
11193
3867
11105
7605
11406
5303
2324
6832
1984
5720
10875
140
10525
4414
2834
1296
8663
4438
2076
10592
6592
5292
217
145
5704
8890
8183
566
9157
7279
973
10103
8827
2700
1587
697
180
10123
785
98
11985
9254
461
9242
7596
7273
3898
5556
2708
1209
8028
9678
3010
9872
9036
7271
10102
3633
1276
7200
11322
8113
2426
2271
10796
10990
11174
11068
7076
7625
1464
3118
1142
1105
3418
702
3334
5572
3560
5041
6962
8310
3778
467
9866
2133
9741
11338
9131
4924
3069
7054
8455
2028
7515
6476
6308
3247
7817
8385
122
11775
4581
9285
7095
1240
5644
11972
2052
5329
3913
5698
10933
10057
1432
3629
7030
1807
5766
7436
4030
8612
7310
494
5183
5936
5158
6072
11615
9338
4516
5239
2819
8917
4362
2895
10809
2322
6166
7438
164
10375
2974
9989
3427
3987
4995
968
793
1063
3085
4955
10994
7482
1104
1406
8555
4985
10118
4697
9269
6964
7767
2312
6779
6627
861
6694
2587
6940
8339
4339
1573
11955
1266
5175
9313
2838
8320
2086
9998
2851
11537
4630
8688
5983
5609
8612
8924
3668
11070
4061
10390
9146
5016
8545
7360
1572
2782
417
3084
7838
2049
9685
56
5335
11386
2616
9278
3533
8055
6054
7177
2263
1148
2586
8758
1965
11736
4289
11837
7927
5678
8744
11925
10702
3103
4307
6303
10360
9307
10337
3315
7150
8907
8173
652
9407
10585
8058
6592
7156
7596
2082
6690
6890
5459
9376
9340
7399
2847
3384
922
10257
2670
9986
4911
9730
9715
3562
5371
7399
6916
9802
3667
2623
10451
1106
8047
5297
4335
6931
873
5935
33
9183
11860
172
11848
30
11577
120
4456
10037
11771
1812
2910
8478
9734
8084
5833
11040
2981
9752
5215
2780
7914
856
11346
314
5963
9966
8910
640
844
9224
2100
10841
1111
3758
10855
11093
3126
10545
4928
993
4830
11515
7473
4160
6394
2860
5183
6399
5847
8994
3758
2406
8225
9522
9581
1066
11543
8820
958
9856
4094
480
7128
682
1102
10861
504
670
4672
7413
11177
8027
5287
4155
4722
1011
11763
4872
8684
3399
7612
2063
9873
517
9179
8605
5672
5992
738
11312
2071
8813
3846
5244
986
7140
6869
6610
5631
11469
11440
2511
11367
11355
5954
9500
8377
2841
3851
134
9897
4065
6484
1120
11483
201
6775
8629
2853
4000
4694
1549
10368
6597
10712
6124
5038
1127
956
3411
4204
845
9704
2405
609
4056
5157
2399
2593
87
5066
10343
3475
3859
1877
10402
934
3340
6441
3885
10287
196
5140
11898
7059
11443
5459
4774
2089
10696
11553
7297
653
9839
8303
11171
9662
11490
11623
1888
10034
7602
473
354
8612
11846
6046
6078
1818
1148
8052
666
1256
798
772
7591
2028
10023
2769
2873
9336
10714
5638
11287
6186
11226
1149
125
4631
5715
4366
5294
6944
9454
3059
4667
11493
1863
10722
3107
2794
3720
5937
495
6361
1057
4642
2329
10402
9744
9999
10109
10312
7530
1107
3740
10122
555
4740
555
5667
2903
3571
9345
9228
2710
1996
4901
6740
10685
4750
5086
2418
570
3891
10355
5729
173
8543
8889
8127
38
948
7156
9841
6639
1911
3711
2208
6194
2673
7448
4667
7762
486
10270
5518
8239
9897
2281
5866
11195
6726
5117
8963
8178
9189
7922
4201
7214
10398
4730
10543
654
612
7656
7987
7352
8200
3307
9948
6369
1152
6226
5972
8951
10305
6908
1252
498
5084
9111
720
4550
4632
1650
7243
530
5596
5794
1541
2036
8643
8598
9955
4955
4952
3198
1000
466
5451
9040
6926
5212
3506
2469
10064
1499
8055
6812
5748
8326
8845
7261
1941
7352
6477
5349
441
10663
1378
10719
1629
7197
11618
4130
211
10208
11651
7302
9264
4929
4610
2186
4128
3799
11694
6652
272
225
11484
11355
10277
2740
9699
5646
8400
5813
9929
941
6930
7206
8318
9830
663
6877
1951
10461
4275
2877
5877
6397
254
11508
1226
10138
269
10199
6820
9874
4463
8149
10948
3836
5139
3725
10656
4702
3656
8925
10953
8074
97
1925
11720
7874
2356
795
11946
11828
8799
6916
9048
9800
6475
1461
9592
763
7116
4511
4647
10586
3748
11921
10294
583
11734
10029
7478
11874
3404
8624
3449
1171
7170
4264
3430
7439
140
1131
9969
10179
9702
3063
10587
6700
6421
4200
3873
7754
5812
2910
6103
8323
176
4227
10753
9062
9640
3954
5944
89
9920
2966
5888
287
7039
2890
5838
4190
10358
8438
5834
8775
739
7134
10692
10134
515
1960
6255
6992
2201
4690
10797
436
3437
9216
9821
981
10684
7149
6108
1242
5514
10286
6949
8965
11082
10234
2900
9095
471
2563
3191
10794
1077
7312
6090
7974
6066
5472
10069
11896
1152
2306
9530
5818
8560
2915
3149
8394
4019
7408
1562
10674
8980
2372
10155
3088
2991
2035
6141
1658
250
8566
2914
8944
1872
444
2804
900
7214
622
1938
3777
7884
6417
3805
7641
611
4645
1428
6807
194
8453
5699
2651
3042
8631
9509
6739
1591
3885
3670
6148
11982
9635
9483
2058
11840
7332
7911
7386
3880
6128
10907
9202
8286
1930
4343
7080
10394
3442
2276
5287
6236
10738
8973
8848
8804
7254
4134
3053
6669
766
8194
2831
7662
7007
4377
2709
9831
7026
308
11678
3716
2201
4584
340
248
3042
8588
8049
5149
7472
1128
7562
3714
7234
11163
7828
7202
11391
3906
4074
7796
5600
27
10200
1200
10885
6456
11808
8406
6117
470
10775
5051
6217
4274
2323
3979
3284
5225
4927
10252
453
5116
129
1822
6225
8629
9522
7450
2313
2093
3610
8153
10788
5100
2203
3613
10353
3348
8216
409
3031
11212
4409
6847
7385
11116
11600
3337
561
5687
9290
5913
9069
1961
3362
9449
9103
8583
10708
10491
9581
10990
5090
3354
2752
7977
8478
5229
6299
5838
1345
4541
3322
9453
26
9640
412
7221
1291
10147
1201
6672
7643
6878
5389
3860
5613
10253
3155
10342
1496
11445
2216
4560
4415
11268
3483
11866
1579
8885
11330
9255
2764
5938
1962
976
8768
7498
10173
7810
1547
11530
2992
3649
6148
1124
4287
10369
8321
737
5362
1596
10802
5060
10865
8062
11821
8847
7077
5627
3210
6126
4690
5855
806
7738
4638
6192
8450
6960
11380
8344
2898
4226
5225
7373
6358
11563
7858
10292
2113
7321
1191
5663
10836
6159
970
10698
4727
3949
3285
5788
1453
4403
10180
212
10172
1663
4042
895
5542
994
7248
6671
6616
7916
9744
3396
7944
4736
836
10567
5916
10421
6383
11759
4576
1090
937
1242
3594
2162
4050
5553
2999
9274
9071
3602
4538
1588
7167
4035
4151
5944
3163
4154
6068
9549
980
10580
2424
6518
9012
8156
1056
3516
11753
4254
8252
10178
5299
6681
6781
627
1055
10818
4381
9603
30
7390
8160
8117
5595
467
2001
5474
7351
9811
7066
6667
1001
10605
5901
4811
4654
925
369
7228
2977
6933
824
9168
893
1850
397
8865
10261
7177
2200
1757
2030
7417
10478
158
8796
10725
1410
5525
10547
11452
3233
5724
7549
485
10784
11249
6923
1538
303
2394
7390
10263
8467
9681
8017
2069
7164
598
11454
1941
6359
4811
272
7390
3723
1495
8416
7772
11277
8260
4659
9817
2349
11416
7089
79
527
5893
5289
6337
8022
10140
11774
9651
46
10660
4607
2779
6261
574
10787
9143
8292
6739
3103
1261
11522
6365
5574
4772
4054
1012
4441
7710
7712
7002
2847
2598
3352
4933
5954
3235
11517
6957
3156
10703
1598
816
9402
6180
191
6396
10322
1554
195
9619
5933
6623
503
4030
5151
1845
7735
8238
157
2135
2490
9630
9856
124
4986
11386
9266
6598
706
10771
596
1494
9817
86
109
2869
629
9338
4572
9692
9256
5831
6152
5088
10903
6352
1086
7831
8831
2461
9251
3437
9079
8660
4997
115
8386
4794
2139
11134
3543
2023
5984
11822
4528
8072
2575
4472
5281
6174
4047
7836
2886
5257
9053
5681
2168
6368
668
5052
2353
10227
11015
9435
7458
2988
44
8924
474
5926
1470
8780
5123
3740
5831
7472
170
3498
2953
7285
1736
2005
1795
7036
949
5476
741
3222
1566
11863
3827
1073
8789
5051
4255
6562
544
5370
9706
6301
5864
475
4556
8586
1783
8609
62
3480
4279
6655
6870
6909
10326
4076
2946
7125
10992
970
8060
11714
3785
9944
9432
11465
10090
7362
7962
9997
10546
1750
10667
6916
11594
9758
2515
11605
10215
5051
9810
391
2965
852
5598
3887
9980
6606
9254
11733
2478
7316
5506
4731
5544
6616
578
9565
8647
7460
4977
10805
6323
9577
11636
4860
2858
8415
8700
778
7566
6297
4207
7524
9392
865
5215
342
11076
2610
6638
10294
4012
4392
5145
2804
7194
9354
4884
11238
5270
11460
8662
10075
1739
7138
6382
5164
1732
1109
6121
5822
6546
10461
10181
9232
7264
4385
10781
11611
11300
10723
3731
11063
11575
2571
5534
7806
5329
679
1781
6639
4172
6242
564
8052
1018
9874
1784
10308
910
6224
5860
3115
1530
11614
9243
6164
5299
6469
1500
8884
2503
9026
1417
5123
7756
3922
3635
341
386
10733
812
2978
8948
11401
3087
8280
7097
5709
869
9735
8429
6565
491
10582
1668
1860
5285
11527
10712
4988
4892
8839
4550
3868
1376
5402
7975
2411
9737
129
7253
848
2915
10274
9555
2197
11158
732
8988
1374
855
8357
11405
11057
4495
5585
6990
408
11370
2348
5697
9077
5958
10281
6184
5691
5628
4678
1724
11098
5371
9396
8874
2127
727
6125
8292
3502
10895
7952
8125
11729
6200
10074
2759
11445
1682
1809
11506
1647
3528
5732
10904
2583
3350
5777
4873
7855
7076
8598
4787
8335
228
7255
8855
5016
5869
11465
782
6751
1275
2190
11726
4089
8636
4280
10950
1992
3606
9146
9318
10219
9545
8132
7925
6515
8537
8292
1672
4461
7045
11683
6479
6971
8080
7099
3071
7874
7240
1325
7952
9890
6803
5536
5146
1548
6219
3378
704
2177
2985
8582
3723
7098
8760
11602
8767
494
11975
8829
11077
11177
11832
345
3871
6544
1693
8982
2267
8553
4316
10600
3014
326
9177
1062
11234
9303
1370
11291
4745
10399
2115
2089
7318
2657
2855
9064
8339
3203
275
9060
1875
5059
8241
6895
3022
8485
2751
3011
9666
10970
7434
2804
9442
878
1960
2954
8684
3977
1917
6972
6526
8670
8294
5504
9105
8749
5648
10567
11929
11830
367
8970
9009
11380
2134
10558
11212
10315
6769
11728
1576
10680
5093
5837
9958
10721
246
9652
9397
9946
1137
2919
5960
6321
8235
8422
4597
1776
11889
551
5685
4527
6675
9489
8425
1449
11967
9482
8168
2845
7014
3501
6994
7451
6241
10743
2507
9342
5327
7984
6831
10662
8802
10684
4146
2694
5486
9078
4926
8766
5050
6106
2098
5852
7278
6127
10933
9440
5337
11751
4298
6377
9419
907
10210
8841
1572
5475
11244
11483
8364
4305
11359
6973
1220
9386
3107
846
849
4240
943
4448
4119
237
4478
11219
1083
9617
3059
211
6525
5395
5919
1898
2507
120
416
768
11816
11655
4506
5093
9049
10632
4624
6456
6279
1220
8515
248
11795
6087
2330
3323
5393
123
10437
10350
5989
9547
10901
4135
3035
3405
7490
9285
2304
1301
308
5084
7034
4335
7801
280
1282
9783
4896
3734
11488
9974
11422
4483
10884
2103
7701
10741
11270
380
6371
1724
10058
996
10988
2916
11143
7742
10841
502
4258
5978
1693
8155
8912
2759
3781
9254
9830
7510
3425
11801
7023
10537
8993
7944
11183
1960
1706
974
2044
5322
936
10022
9682
2175
130
10421
435
351
11402
7798
10160
5440
95
429
4049
8127
3228
5282
10000
3640
11796
350
7767
5411
4232
9537
10685
3408
3143
6291
6695
4224
1535
10582
2751
3059
8278
500
1351
9169
11438
6907
10057
8116
8358
7013
4256
4354
11033
4633
6307
2208
4288
5095
6355
8222
8719
5375
11723
9157
8058
5031
8688
9581
5791
844
8820
1029
6377
5811
11732
9141
273
7250
3175
9970
1257
1247
1846
9833
7174
7531
6139
597
7226
93
1216
6234
335
8482
7392
10767
7851
4678
10756
2374
8033
2801
8278
3504
9222
3642
2357
6227
9526
1128
9832
3881
7095
1279
11925
195
2700
2101
8428
5671
11340
1072
3615
9862
3993
11490
6965
11535
10383
7936
6702
328
8774
8448
4516
9578
1314
8741
9489
4421
3341
11928
2360
4034
10318
1637
9689
2075
2709
7320
7316
4915
7116
3753
11700
9176
7372
339
4312
4380
4083
5802
4190
9174
3193
230
5096
6660
9715
1134
2418
11754
11613
1317
7021
1305
1112
3803
2715
9869
8330
10964
10824
571
11154
9176
11539
5424
11644
6975
9317
731
9049
9640
2532
914
8614
10494
5915
6109
11903
955
6004
1312
2223
7446
4927
5646
4013
1794
10255
1497
9702
6562
2521
10774
11525
4021
5169
9532
1206
9050
10296
2411
11156
2256
9490
3079
10986
3936
2377
9870
2629
2263
10219
7244
8266
10143
3953
7476
1514
6724
9526
5166
5956
9340
2188
1688
124
3936
5633
7627
409
622
11417
529
7162
11972
1063
10992
10366
3051
3561
4112
3770
5873
2690
7778
6284
3118
5662
2063
4664
2391
5006
1132
4194
3173
9490
2645
8025
3858
11029
1538
1291
5852
1116
1362
4815
9702
4282
11031
9398
580
1385
3862
5188
7177
4245
3228
1492
9162
11217
4915
6682
11842
4726
6460
9470
10533
10644
8279
11840
3340
5548
4317
2307
11706
7512
7244
1951
1022
3000
6888
4791
6964
2778
4646
4582
10969
11451
1007
8015
2339
6302
10162
11555
10952
11564
6785
5773
9439
82
3665
11069
10872
11520
2744
2055
11652
834
449
4611
1247
2691
835
5806
4788
4847
9123
2344
1270
2161
3643
8112
1195
9040
11949
5647
996
5535
11078
1
9407
5126
4454
462
3210
456
6843
8013
4361
2828
2086
135
1507
2238
1979
7728
2235
9044
8721
11418
10147
4053
11783
10410
8951
909
4815
4306
225
1088
1403
8949
10398
5652
4013
5369
7695
11090
6392
266
7404
7183
1977
5276
9817
4726
1531
4354
5530
2333
4276
10151
9548
10179
6212
3134
4704
4662
11088
5463
2437
11396
5681
1286
765
755
7555
98
7580
6424
2433
6236
1954
10946
11548
9301
11154
7240
11063
3469
6396
1363
5667
6151
10113
5501
4860
6337
9626
9243
3265
6247
10558
3648
5451
10533
6209
6425
9285
9270
6354
9769
5788
10414
482
939
11714
4097
2532
5650
7773
9328
8494
3628
10455
7141
7010
8440
2816
7130
164
5709
9402
10583
1206
1348
2632
11048
9720
8209
8527
8176
11067
3789
2566
11090
9460
3181
11768
5279
7071
2411
2742
8137
8883
1643
9515
6816
751
7415
11339
5913
4238
2142
5499
3799
275
9600
5287
1004
6532
877
4869
6127
6651
544
6679
8083
7056
3299
3266
4292
7080
5352
4202
4531
6460
107
7679
9696
9020
8387
3870
5609
8440
5572
2889
2234
5503
3406
4379
4371
2070
7099
8294
819
5248
6533
7350
5473
7837
1952
914
7519
122
5473
7791
1057
1414
71
11368
10987
9499
1403
9044
3885
236
6892
6623
9841
8050
2959
1538
3893
900
3103
4320
7678
2532
2737
3627
5327
10465
1249
2455
6384
10094
5731
1820
4654
9675
10110
7229
3429
5685
2138
2699
394
1160
4777
857
1794
5070
7933
3822
9073
10676
3349
6135
8222
9034
11660
5894
4437
8401
6162
11554
10461
5301
4841
11532
133
8360
486
3775
11156
11723
438
6893
6997
7021
8603
9239
7090
3284
6778
9475
7150
1094
4195
1734
9417
467
11375
4383
6043
3596
4948
3689
11576
11527
8063
2366
10657
4228
4319
4019
6552
4225
7864
11911
998
3094
8364
2296
2162
1559
1014
8693
1082
9835
2565
56
10028
3048
8566
685
10569
11201
566
3032
10914
112
4997
2216
5223
9123
5754
5111
10102
9095
232
9278
1371
6324
7588
11820
11475
477
8520
11385
2525
11520
5617
8123
5976
1824
6570
6264
9349
7256
9096
6340
1126
7025
10377
10693
1142
6428
11131
975
1255
11353
7160
3772
3994
2524
11259
8253
7139
2911
9833
5932
3812
5654
7412
11171
10698
7996
420
7965
5361
11396
1155
5842
11431
2938
11863
7389
1516
4510
3147
11947
271
11962
610
4435
3878
6574
4732
9080
3510
5602
5434
4951
939
11581
4580
3793
6493
9242
10890
8528
956
4547
2314
3121
11724
6303
4834
11138
7725
9174
6033
9408
9082
3648
2427
6584
8396
5622
7652
10208
10799
5730
4048
10057
7537
6428
2990
71
6889
7043
1536
10101
589
5626
4522
2006
11682
7420
6181
10276
10902
11107
9713
11427
3146
9727
2887
823
5516
1279
10872
4358
3673
10487
1930
3623
11861
10057
3417
10715
1990
9006
2739
748
4547
7241
515
4456
6865
3520
11100
3904
10415
333
4979
1391
10302
5928
2237
9056
7030
6825
369
2448
866
1657
1165
3543
8765
5012
2209
11200
2833
190
10748
3964
5683
10389
9243
9447
11829
830
884
10149
11350
7657
9654
5646
627
1219
7241
3497
10783
11400
8168
9983
3777
11182
6954
994
10684
3473
6957
8902
4746
1427
9724
11186
1146
2158
8281
2859
224
7655
1718
5427
988
5117
1763
6131
7288
1629
6718
8683
1909
7209
10250
6441
10086
7746
3914
9196
1616
9198
7163
5234
1703
10648
8783
1303
7108
8419
1251
10363
3903
6446
2472
10704
285
1432
11699
17
10403
1074
10090
2483
5053
7721
7481
11658
6348
2339
7363
7176
2098
6480
7903
8784
3676
7209
10039
11169
4499
5536
4238
9307
11030
880
7489
757
10358
8452
1393
2345
3890
11178
4922
116
7611
8865
1522
11216
11607
840
9621
6527
5192
89
6504
3452
8996
7212
3643
5117
7734
3055
11208
11604
11179
5928
8386
8438
9959
10608
10480
3656
5328
10102
1466
9155
5952
1232
9749
4828
3996
7584
1299
1173
11464
10228
8202
3583
3703
1831
1832
11467
4446
9410
10430
5616
7446
4937
6841
3931
3960
9359
5469
2636
8810
2366
8204
11543
6652
9273
11173
9730
6349
7943
7589
4128
6959
10475
8820
4111
11905
6636
3970
10038
6214
620
3886
9045
7548
5694
4387
5022
2829
10643
7909
5747
797
9671
10390
8606
6728
1498
3356
7059
6797
1894
7565
3260
4191
739
4425
5688
5132
5918
588
2662
6296
11987
5696
4815
5937
3511
7208
10349
5116
3325
9557
5868
2976
4727
11594
9059
862
7676
2330
11250
2382
4599
467
4048
2116
11206
4007
6825
6693
8011
4430
2694
357
4797
7533
11963
4895
7292
9926
7677
6930
649
10549
11927
10117
4074
6245
8026
3635
11036
9514
10412
9659
1972
3001
3352
9114
1286
9138
11028
7028
7618
496
3527
10203
17
7043
3523
2649
8608
6402
9147
2418
681
563
9541
2922
7910
3175
5045
2757
11460
5632
5725
6301
5262
1628
2166
8971
1568
8647
935
2069
11135
7083
10097
2506
10999
3258
7412
8472
1776
3521
5547
11251
9767
2992
8653
11886
2910
4157
1080
11298
7689
7633
5818
7705
620
3858
9385
1860
6764
281
11451
10590
4975
7830
1401
2540
3173
7021
6320
786
6926
1992
7572
1097
8974
2109
10165
4154
4055
9455
10537
2917
6521
8605
161
2598
9678
8543
566
320
3661
3379
1887
10565
10892
6760
4007
6908
750
6398
8595
8274
83
4134
6079
5110
7544
5234
11580
1369
3453
2362
4274
6095
11005
4699
7451
11643
9117
3171
11687
4234
2068
2538
7096
10523
306
2321
564
7274
4421
7100
2128
1980
2234
675
7359
2402
3344
11906
3634
8535
6168
8745
11609
9362
11647
1039
6997
5042
9251
157
7913
2816
8768
2279
3607
3906
3626
435
9314
5094
8055
3898
7242
6415
3407
8541
11391
5529
6309
10047
5936
5868
9035
3587
9339
1530
4606
8648
5108
3144
3591
4137
7354
3585
4465
718
6767
10419
6576
6533
10608
5344
6400
3043
580
9668
9743
3653
5106
6970
4899
11133
9604
3653
6496
532
5743
2923
891
8360
8479
49
5426
6262
3830
4350
7735
2231
2873
390
5517
8605
8411
1253
5779
11683
9986
8502
9572
714
6652
608
7542
4358
6900
4100
11414
423
7601
3607
2566
1741
579
10215
3395
5490
627
4186
9974
9124
4312
2125
5771
11237
10818
10031
1793
6282
8399
8469
2485
4008
4648
6209
3089
9807
11867
2199
6903
2853
2203
621
5944
5006
5035
10060
4061
8877
11268
5420
9345
4302
11695
8261
10950
660
1567
3602
8019
36
2733
3008
7409
9189
8455
903
8257
2620
11969
1574
9150
8700
2359
2206
7788
9938
8023
2573
5484
10873
3264
6608
11734
8933
2996
5125
3275
8788
10544
10335
3706
5292
5771
3557
1684
8077
5430
9666
10083
8162
6725
9340
1242
1675
10413
11038
2511
7804
3651
915
9799
11614
885
10513
10691
11120
9686
5084
10901
263
7304
3770
4480
10968
11043
652
7132
8446
5193
6797
7370
8191
1343
9960
1985
4862
9256
10457
6374
4275
6346
3025
2787
2215
10916
11092
6385
5567
3873
9908
10243
2497
1575
10353
4039
10968
6720
36
11136
8824
2886
404
7140
6024
3364
2098
5734
8263
4332
1697
687
1343
6244
5227
8450
1063
11420
7473
3551
248
4437
1120
11300
10719
2774
4164
2852
11600
4499
1766
10710
281
5435
11877
79
10707
10291
2473
9212
7341
8658
8117
10006
6238
11573
6836
2584
9108
3502
8931
440
2072
6166
5351
1978
4011
6516
8649
3861
5997
11486
6316
11578
7222
812
10377
10989
182
232
4719
5338
8560
6828
10432
3333
7348
10040
5761
9357
4160
6068
6879
4768
5556
7895
6699
3416
356
8128
9350
11180
11531
5088
11681
6244
11183
2297
6310
8236
7455
9532
1238
4052
1933
6028
4943
2316
1136
5223
9112
8880
10178
5587
9838
4663
8489
7640
6084
8307
6680
7161
1634
7790
2236
6895
1487
3068
9620
11740
3808
8199
5766
9413
8055
8134
8561
6050
4766
447
10059
7948
10804
3781
1566
4854
9423
2617
6600
736
11601
6225
7895
2898
5426
8245
219
3571
8091
10342
5707
9821
4214
2722
753
1608
8673
4032
11176
8299
8067
5262
7482
6685
8166
4781
2463
2751
9322
4437
3230
4975
7876
11950
6941
4871
10936
6363
2085
2738
10694
11359
1123
9314
559
9560
5623
9000
8931
3687
7687
3809
5287
11542
1601
931
9543
7266
9038
1009
9278
11189
9996
4740
423
790
7830
10367
11395
9934
4350
7863
4436
2493
3851
3348
11040
5827
7320
9258
10858
5355
7719
252
1374
1507
2358
1596
8901
6866
10785
1969
4068
2149
2458
6144
3001
2904
1687
8945
2779
6413
7863
8145
513
10270
2966
666
7508
8450
7690
3473
1527
5432
8159
3949
5017
8021
3362
10389
11438
6023
2809
9345
9482
4756
10791
11166
3962
8631
3797
1946
10545
3620
1219
7402
5273
3442
6431
3893
2940
1616
7653
3795
4915
1279
7700
4887
8872
788
2803
2208
2181
11568
1128
7984
7307
11557
9452
6787
7617
8809
9644
1001
11356
1442
7183
7957
2326
66
9888
2791
9926
11219
6369
71
4751
9044
378
723
8795
3552
3370
6524
1599
11298
959
6630
1304
8156
1846
5128
6582
2104
1956
5548
1818
2531
102
9528
9650
9569
4454
6523
2146
2312
3404
1479
2380
490
8122
11802
2072
10296
3175
11771
4205
1543
10013
11683
4192
4167
11994
2585
5142
5331
8746
7342
10205
2000
6326
11108
7694
1831
11508
6918
10850
7556
3902
9169
5612
10814
8293
3167
648
441
1662
4726
4162
5750
791
3963
3625
7160
7202
1968
9597
6777
8358
9965
3191
4129
3628
3858
2486
11256
493
4728
8342
6668
2751
3895
8579
9477
8228
1568
11359
5046
8534
904
11886
48
9871
2470
3174
11612
3732
1635
9626
6530
5508
3340
11582
6058
3618
2991
7735
3844
1699
2891
10457
871
7749
8654
10595
2023
2782
11477
7163
8008
7664
5938
1658
9828
207
11148
6310
2853
7463
11633
10638
11798
2328
1241
7045
8487
5162
10659
5940
11269
6065
2796
2044
6341
5776
10324
2003
2908
6873
6100
9370
6259
8017
3971
6222
5315
2418
4644
3378
20
5565
828
9129
11239
8406
9806
9839
5379
10802
5841
8496
3951
11965
3540
9443
2662
3958
4297
1040
11319
7023
5384
4869
966
1565
9038
10396
4142
7083
1071
9585
6003
9164
3049
7036
279
5833
11047
7545
656
10172
9226
10793
7131
3005
4192
7969
4269
1839
6120
9683
2004
11902
1034
10366
3730
8208
11457
3674
8926
4033
5770
9975
8395
3011
10220
5093
9441
1246
9366
8797
3900
2416
7104
10330
3944
813
9056
392
2900
2544
6129
8512
3091
9871
4524
7607
9787
3690
11210
11833
7840
643
6072
3412
7442
6151
498
11190
3665
8864
9059
4012
5050
9608
10253
3814
9495
836
11929
2415
9044
2953
11086
2562
8915
1524
2106
1612
10206
6517
6338
11538
2189
7128
5058
1559
10990
3588
5409
3720
637
542
6836
1122
104
9166
7818
11270
3933
7130
7368
7157
393
10863
4817
10180
3843
11233
8822
9905
7086
11877
8321
3948
983
833
10324
6861
8437
955
11987
5946
110
2805
11328
4300
7814
1275
8210
7143
522
10153
4946
633
5288
5160
7847
6877
1095
5687
5519
6745
7761
555
466
7323
6512
1528
1737
5522
7680
10183
11910
7345
228
4894
5599
7698
5391
7301
10982
10406
8721
3559
10518
4232
9171
6985
8039
4189
571
7441
10858
2356
9993
10853
7295
4623
2920
5700
10203
11488
3067
2166
5633
7972
4854
1809
8659
4169
11200
11212
5721
9663
254
3991
10481
201
8030
9903
2228
11528
9675
7453
326
5155
2174
9506
10932
2124
7780
7844
7426
5427
6342
6431
9529
5811
9887
4355
7975
9005
2461
11991
9934
11257
10184
1872
7034
4125
4853
9071
4859
1038
7137
630
8248
10989
2524
5604
2488
7012
6664
762
2669
8710
8597
9806
6027
11131
4595
4177
2984
2661
3946
7062
1934
6373
989
11201
8445
8405
9076
9405
11625
7453
5841
372
4800
7358
5295
11506
450
7998
10725
2847
10517
4388
5222
2088
4741
3844
11933
1813
3602
8492
11681
2698
726
1147
5637
2344
10306
739
3029
748
2100
2951
10644
8112
4016
4649
1963
6758
64
6917
9264
4386
9636
5178
11853
710
10617
1858
11868
1729
7739
5476
3645
3449
4897
1767
9658
5828
3800
9605
7390
8041
5381
3008
3205
9860
6809
10368
5432
1014
9728
5339
9307
844
541
4438
11320
6409
7060
431
11707
10366
5807
11952
1467
4553
6498
2582
4219
3132
10961
8740
5629
485
721
7256
1808
11749
6971
6367
5231
3951
6371
6167
6182
5163
6349
2153
11598
9894
2080
10532
11417
1180
236
4345
3126
11355
7936
1205
6198
483
2934
4619
3463
7715
1166
3337
4186
6571
195
1078
9716
10190
1845
6252
5086
3053
4550
9910
10755
1518
5419
4191
7950
2690
3982
6898
2653
1730
5855
4621
9259
9646
1238
6938
7301
10963
8193
9758
5342
3329
8079
739
7265
11210
4310
3988
9668
7283
5759
10882
904
7937
8696
6856
2570
9516
6041
4405
825
11492
2028
2291
9926
7719
2031
2092
5694
5232
5345
1749
6378
11773
9145
7630
2481
10270
6623
9928
1597
6977
3488
6808
11149
11787
4540
750
11172
4423
11960
1938
6869
6823
5240
2257
658
7926
11365
1658
1786
4458
2870
8114
2318
5945
4842
9298
7390
4322
1719
382
7137
3907
10898
7972
9534
6348
8727
11226
5614
7367
3347
3578
7160
11679
176
10247
1919
1408
11453
9873
761
1679
1356
7092
8931
10722
4567
6792
11638
4937
1005
6023
10724
3783
4568
2184
11994
5211
1315
4121
2032
7534
8388
6148
8918
10218
3308
11785
1258
10018
1929
6117
293
4207
6368
5208
8555
11362
1670
9890
3695
2213
7741
11497
3538
10547
3253
10764
2306
6948
2786
2112
8173
6385
7351
7940
2909
8214
1782
5289
3382
10112
8109
2390
7996
11792
10085
11130
6923
10040
468
11333
7050
3702
5429
2025
11078
11669
5647
3515
11034
10780
9176
72
9711
3699
9104
8449
1145
1473
3305
2182
11225
3345
8256
7796
1872
9791
11938
527
8984
1399
10257
50
11411
4320
9201
1009
3736
2437
3143
8710
5480
11242
2217
3427
7578
10616
10625
11101
5582
7254
5028
5997
10028
6461
7835
8024
1762
1337
6243
3918
9733
11087
6323
1397
2907
7274
202
2638
2371
1249
7598
10071
10635
7856
10471
9508
10286
5678
7512
4984
3819
2686
1439
6481
2413
8088
8783
7822
11792
6505
8842
5534
29
5302
1955
377
9282
11970
6982
3491
6883
7910
10091
2748
5124
5795
5468
3908
5248
1876
7496
9577
3798
10186
7245
699
10454
528
5764
4486
1826
4482
2737
1172
11423
7336
3456
11880
4099
4938
9878
1148
11788
920
2689
4299
162
7550
4841
7839
5108
8689
10954
2485
11503
5876
11259
5143
8751
2554
9435
334
11913
10735
6727
11046
7980
1117
4152
9906
5940
1748
4401
7790
793
9771
3204
8674
1494
7604
10466
8486
1059
9128
6418
6166
11658
11002
5289
10837
4509
1201
705
6190
7737
1176
3047
11650
9104
5751
5410
3802
597
7928
7628
6808
4366
10239
10957
3191
10353
2093
9594
362
3174
11781
5089
9660
11430
6354
4024
1438
607
4558
7999
11864
3065
7333
1
2607
11365
9068
4644
9487
10283
6881
7580
8404
4318
2675
1541
520
3405
1478
2993
5664
11723
9854
6347
1323
3123
5678
7919
10348
9676
1562
7517
7631
5197
10518
1603
4527
9319
160
10328
11686
9821
10805
11619
203
9368
9301
8580
1662
11698
10212
79
1629
3504
3213
2266
4556
1881
101
5084
814
11172
8791
6499
8711
11417
6991
4208
11862
7333
4928
10
1158
1848
6607
1825
8853
1724
2500
4494
9930
10611
9408
5059
6890
5161
11431
9119
8535
2385
1543
169
1036
7446
259
9483
10754
8439
4135
8155
8764
10411
4627
1321
2928
11017
827
1388
8632
6654
4111
257
11926
4806
2508
6062
2829
1514
5825
5898
9943
10555
5141
10252
2273
10828
8203
11570
8315
10859
7617
8400
11935
6019
1401
7989
11519
9187
7550
11997
1057
9063
7722
4161
9529
8175
3947
3279
1935
2879
506
7819
9697
6245
2661
3725
3948
9690
10883
6684
4336
6602
11560
153
8489
8905
2833
6848
1178
11635
3329
2219
1482
5064
11961
7577
6868
2789
6827
4100
11158
7394
2416
10839
683
4948
10918
10180
1752
9529
3370
10835
10631
1372
3709
11517
4801
928
9487
7853
11110
8241
5098
6892
4710
8553
8791
9719
307
8847
1579
9248
10264
2343
373
11163
6484
2488
7197
5298
2750
5035
11342
4379
3358
6103
9600
7121
6368
5877
5447
5089
5709
5701
7095
1511
1597
784
10802
9401
7421
1630
9637
1918
5194
4480
5117
3759
3110
6727
11668
2734
7489
3170
11875
9280
1507
3404
7730
10759
662
11302
11866
785
1784
715
4776
7612
10656
2946
9504
11804
2984
11440
101
11913
414
7353
8346
7868
11730
256
4803
5002
7100
1240
1236
1373
4377
1014
3719
3027
2985
1332
11503
8321
6795
4193
9735
9162
4663
7729
8622
2232
1942
10562
1405
2781
10276
3630
4766
11516
2401
2103
3797
5367
7405
3969
5678
5625
4057
4247
11485
1960
9324
4503
8270
10249
8080
8453
7622
3943
8263
9909
384
6879
1395
7202
11991
1953
1368
10420
5131
3029
4800
425
9983
4726
8023
7572
11231
2398
906
3440
1407
2667
210
580
5772
3293
1087
5417
3059
9939
6575
3912
4819
589
9583
10442
9968
5874
5875
1601
4286
5537
5952
8211
7253
7497
8475
10834
4496
4706
10036
408
7495
3968
7569
10382
855
10370
8603
7815
7560
2726
797
8396
4049
9616
5857
10190
1788
8149
9930
11139
209
6493
6965
1979
11474
8509
5289
5178
4438
6484
10787
1888
9557
2031
4580
8607
4141
11597
6986
1379
6449
11853
6814
9822
11579
1387
11670
8125
1909
6671
972
11419
4056
10184
10754
7477
2905
6881
4105
3745
1176
5843
7215
3990
10369
11012
2531
7655
3580
10306
11395
8048
777
4235
8800
5026
593
5265
8548
3651
3465
1762
6100
10563
5203
9237
779
8384
5618
10917
10784
1462
5781
7337
7565
3646
7841
2685
6673
454
2985
6052
8020
8163
4241
10536
11825
10798
3247
8309
3078
6841
11934
9312
1430
8760
11289
7138
6769
2002
1914
9988
1507
10124
7067
3220
6758
1060
6185
5084
11073
2281
3580
6626
9312
9667
7099
2553
1461
4452
8958
10035
10881
6391
9805
4909
4449
5584
7258
7738
5455
9965
5740
9418
3888
460
3381
5711
7865
5157
6083
140
8477
11589
542
7068
4215
305
3093
1612
2387
11405
9703
8180
7602
567
8246
2982
1372
10322
1404
7769
4301
7930
7110
8376
1073
3213
1400
10256
10593
6031
9858
4313
3159
9833
6543
7679
7396
10823
7363
9944
7994
3744
308
11463
2880
7153
5774
6933
9495
7299
2412
4353
8234
2281
3520
4756
6849
9214
5922
9787
2764
10395
5637
8232
2776
287
6292
11030
3475
1167
5365
5079
8992
5807
5741
7345
9336
4405
9920
10279
10553
8199
11404
5513
1375
1827
10367
3068
11749
4450
660
11985
2792
8030
2521
3334
1229
1877
10081
9976
2255
1683
793
9230
1014
10756
3407
4794
2551
6992
1899
784
7074
11392
4976
7689
3767
4499
2369
1324
4157
8147
4032
11542
9169
1237
8757
11496
515
9998
2326
2668
954
5314
6491
5678
7220
8147
4439
8041
4047
955
277
3597
9737
257
5250
245
11109
11053
1978
4925
6413
5839
7960
1424
941
1280
897
9673
11579
8343
1109
10562
9434
6803
2376
2164
7907
2508
5991
5351
11265
1648
7639
7389
3722
4507
8906
8983
9485
5767
2804
7544
5921
5441
3657
11131
1191
3841
3977
1536
10178
7725
725
3433
6432
8887
4354
1269
5110
10913
6535
8774
2548
6692
8259
1492
2072
8511
3234
10655
5094
140
4029
11020
9250
329
10421
3957
11518
3468
6675
8111
3729
3903
1220
7388
6790
7503
4238
9807
6211
3555
146
915
5123
11923
4765
4032
6044
6622
9175
6474
8978
7593
11826
238
3242
7408
11432
5256
9519
11022
11485
1409
5167
10403
4935
11875
11689
3980
8664
3208
10540
3322
9804
4693
10077
6339
9808
9066
4466
1498
7359
2625
760
9166
7776
5017
3121
190
541
5701
9269
2127
3883
9069
9802
10346
4055
11693
9872
8244
9015
904
10986
8368
3680
99
10341
6054
4731
8723
91
5426
11155
5778
3367
6219
4288
9002
7590
866
8063
11545
4798
621
8495
5991
11171
7268
7141
4011
5881
9013
2330
720
10598
1691
6432
11964
5668
7243
9235
6335
2957
8649
10708
9600
4762
4129
7016
5543
4946
7382
9573
1887
578
9005
4266
976
7899
6950
8684
373
3287
6999
3231
256
6193
11704
9500
8718
10616
2092
10049
8578
2736
10690
3987
8264
2679
10993
4277
8587
6177
7515
5695
8926
8999
1888
10626
6358
1546
2235
9640
5710
2916
3107
10835
9276
10960
7811
4392
8150
5528
9749
598
8608
4094
6672
6823
966
4346
3323
7468
6563
9075
7940
8900
9232
2849
6443
8660
10647
9473
8859
4977
356
4085
1633
2674
5096
8066
2982
6986
6171
10508
2272
11669
8194
5046
647
5956
11430
5224
2747
10486
3268
1333
6312
9293
10000
2798
5851
9273
2159
8687
8272
10219
9057
8827
4463
3614
10967
3262
3324
815
4578
6410
1577
1079
6860
2309
9919
11077
2426
6729
11711
142
1755
2661
2337
3410
6316
11876
1751
4364
7658
2704
1460
6983
4982
5126
8273
1769
9465
8489
8660
3366
5812
2811
11390
10346
6019
11661
365
1870
9275
969
172
5587
3220
1882
11846
2011
1418
952
7693
4986
1990
7402
5775
11530
8736
1146
4730
11424
2877
4479
4099
3370
10722
993
194
353
4108
7294
4764
10054
370
6471
3304
6719
8887
5041
11869
4871
5956
5218
9580
10521
721
3875
6755
2301
10373
2460
7688
6951
4586
2368
2610
9094
7325
7927
7180
2021
6731
8168
4119
429
4677
10913
6191
1611
897
2513
8711
2573
4256
7667
1126
4842
11771
2291
8947
6463
2404
4283
11388
3725
9461
295
6601
3636
10571
5250
11193
5972
3787
11371
3981
6917
2255
853
11532
4922
10191
11105
1025
5303
7581
5576
10299
3487
2056
745
5735
9455
3812
10700
11658
10045
3240
3011
8489
11219
9101
5247
6686
11197
9614
471
5772
7606
9765
6462
2336
1318
7401
11162
5885
2642
2390
7983
8771
7822
11119
7118
164
11523
3062
8898
6114
6050
10920
8483
6275
10479
11010
1830
10665
4729
10122
4873
5114
6790
979
5250
3623
9892
735
6674
3862
10359
9606
169
4369
10210
3771
3928
4760
3272
113
6396
9356
9639
4140
9499
10119
6765
8610
8520
640
4307
8930
6174
5145
17
10296
8803
3122
7577
4863
4380
7100
203
2870
7141
4525
2183
1725
188
8359
4203
3432
11276
11167
1384
3572
10276
3914
11425
6191
3427
11574
8044
4505
3517
8854
2128
11253
8507
6972
11567
804
7874
10384
695
9809
4107
6720
9603
2234
2262
5929
8257
6002
3413
9717
8455
4306
10062
5860
104
2781
9230
7833
7096
6295
9950
2394
6301
2033
8282
2421
8735
6813
2711
5221
8927
295
9961
3941
10837
7727
11718
7394
4360
335
4704
11755
11534
234
1745
37
6035
1909
8159
10133
1331
5870
3778
1415
6095
9980
312
7523
8050
8268
4512
8911
1347
5706
3763
5123
1920
10447
2188
1458
11963
8486
8303
11815
10732
11441
9455
2983
332
369
3972
9493
5993
11055
2920
4384
8490
3111
3775
3839
11997
10558
2069
620
7557
1189
218
10603
4725
4087
7218
6432
11590
7062
6845
10413
10509
6589
9171
1263
3283
3979
2940
4180
1375
11069
10264
8910
1935
8627
10573
4138
2991
10965
11451
4458
7105
6923
8156
2567
6130
10425
7127
4054
10374
11234
11681
11242
7592
8304
8330
48
6643
10341
9825
3660
5485
4660
10023
7066
11387
6423
6065
3091
4799
9556
1110
7549
9277
376
4014
10500
8187
965
10861
8316
2604
5750
3110
9378
5892
9566
8424
2687
6927
6607
2859
11549
5712
7244
3091
7720
354
5602
4794
2977
2955
11067
11984
1110
3889
11574
4318
11634
9292
1567
8849
5288
5270
10946
3602
6475
10423
1090
6616
5279
5704
6239
7728
11560
1495
1039
9397
1850
3940
3986
5220
6375
182
5792
4606
519
11086
5355
9158
2400
346
8092
859
3942
602
7758
10038
4965
218
1716
334
6252
888
4769
6551
4452
1995
8204
1260
2877
887
10628
7447
11869
2805
1464
9207
8395
2125
6636
8674
873
11932
1032
2853
5975
1613
9733
933
5258
248
7796
6889
6935
5032
10563
5857
11980
2755
10975
7748
5981
4618
11322
9961
745
10171
10150
2824
4670
3177
673
4534
4226
8476
11150
8841
2635
646
6041
6669
5941
343
5581
2068
3130
6620
6583
11573
11846
1376
6800
6030
10433
1279
9118
9349
10690
7068
2131
5401
11662
10116
4322
10415
9176
1416
8116
3740
10544
4913
3488
2728
6974
9105
10606
5750
3690
6364
11146
6997
7644
4180
6480
7732
8913
10784
7830
3042
8491
7144
6792
10899
6150
2311
8302
7483
11432
9376
8142
3224
2523
3039
11526
9918
3897
2828
2077
2504
4091
8491
9688
5782
5813
11880
11301
4294
3838
6856
10550
7036
5735
3319
508
5399
2451
7421
6456
10873
8151
9326
4623
587
9415
6607
6266
5606
9020
9416
4259
9200
11006
3039
9524
11917
7585
8246
5173
11323
2686
8072
9160
4627
9509
5212
1530
208
6489
1189
4014
7173
3378
10754
9770
592
8912
10698
5487
5950
3629
3304
2862
1608
9880
11152
1613
6706
3935
11777
9766
7952
4316
3904
843
6139
96
7550
11874
7965
8873
2230
4852
2898
4501
834
3246
8327
9375
5435
2653
7125
1183
7369
8427
12
7506
1368
9315
10748
9526
10363
10648
11192
298
3762
7593
3658
7679
9592
10204
9746
4971
1830
1756
3976
9700
592
3808
9065
4663
2528
11919
1558
5510
5855
2715
1808
5595
917
8156
4920
3666
6959
6421
9289
3234
5040
2729
758
35
1545
7722
9169
5984
4735
5684
10228
10395
4077
11936
11115
3951
4812
8145
9154
8012
4287
8090
1111
1353
6010
4591
10354
6248
8248
857
6080
6084
153
8409
9236
1239
1982
11053
5501
5016
946
6025
845
8694
4525
3478
7681
4563
2798
1911
3532
11862
8390
3909
11366
3055
3134
9761
3422
709
4315
10035
8348
4486
10589
4134
839
9360
2259
132
5762
6156
509
5863
6871
1845
11533
10280
1714
3787
10206
9522
9251
11200
6006
1908
6944
621
5347
4258
1712
3971
11307
479
4177
10086
3941
6269
5994
1162
9936
5092
3830
8547
11314
239
6683
5683
11219
11827
9768
1705
6517
2027
10042
9337
15
4588
11758
11184
7565
1887
9010
7393
9107
10292
4306
6859
5959
6546
11544
11800
11191
6149
10548
5459
7881
5413
4474
9080
1397
9876
8859
7016
2509
1224
4038
3950
8250
2602
10858
7673
4861
8426
11281
4722
2000
9297
2490
6433
11589
9584
5471
1525
8240
4490
2831
10369
11157
7121
3726
3395
5740
10097
6316
9859
807
10676
2006
11286
6416
11141
9046
6379
1755
7388
11651
11042
10342
2169
10848
10415
7016
1394
633
1378
11756
157
7765
2030
3307
7843
7701
2922
6953
6706
4640
5639
7418
9722
4575
9357
6006
1322
8474
1534
506
8784
8382
720
5225
2575
2225
11712
6709
4895
1489
9892
285
8938
9721
4546
1510
5063
10911
8339
2934
6105
5357
9849
10280
10488
6468
4141
3224
2575
1254
10886
4410
4885
11861
4358
2150
10309
11543
10862
9460
6422
9834
790
2665
10251
4454
2449
2749
8528
5608
9160
5951
5516
3875
3897
8803
9898
3734
2779
2897
4028
1062
4269
86
981
4571
4741
1689
3430
158
11347
5431
5244
9527
5684
3443
6032
8210
2770
3604
512
3255
1180
8800
10617
11338
3928
10412
4690
3974
1781
9397
2894
5743
3180
2773
1145
80
3788
5158
5398
11218
5930
10195
6066
2221
7776
7297
10618
9836
4116
11048
7076
11016
6927
1981
8182
7483
648
6088
9419
3577
2215
8558
7861
10916
3352
8625
8994
9014
8499
9281
11209
4012
1970
5780
2551
10095
6555
10446
7641
9876
4743
8237
4334
11228
3110
5862
1718
4494
10150
8916
5480
3945
3915
594
9471
2583
8332
9999
7451
8043
7905
3863
537
3333
1748
4712
11824
9584
1497
11075
5907
2688
1627
7302
7710
3889
7071
9850
2096
5860
7739
11623
1109
6727
2676
14
1518
731
6049
1750
1506
7860
1018
8452
1863
11829
9797
9054
3990
110
2766
10751
2287
9540
4546
9146
8200
4131
10229
10552
9195
4226
8751
7122
10403
51
2454
2546
5424
9935
8392
2526
3979
4160
3780
4012
3620
9359
7216
8456
2638
3811
8910
6840
7605
6720
5145
2235
7638
6706
10535
4954
8533
6255
8385
58
11326
7749
6565
3051
1632
8973
9785
7058
281
3622
11011
11587
322
3349
1005
5193
8360
8273
11563
11926
3518
640
9018
389
8952
1465
11916
10577
6907
476
8519
9346
2725
9591
11885
4438
7990
3419
8759
1454
175
4888
9359
5971
5707
10148
4380
6209
9261
8258
3143
4228
10413
9943
10778
11578
9430
3838
2728
4656
11028
144
11540
1721
4338
8516
6048
5591
5140
9259
8526
5495
8540
6546
5249
377
8870
3382
8105
6159
6466
2439
11549
1018
2283
2607
8130
9713
8982
4314
9204
10298
9159
5097
5168
8272
11809
4862
3646
4277
8902
3491
8556
9921
11128
6106
7834
2104
5400
9312
2811
9456
6639
5125
5867
3042
4622
4052
6951
5441
9396
4923
7903
5658
3752
2607
10277
3992
2697
9595
1430
3071
1663
9731
11149
731
11332
1986
2942
7202
7520
1185
4320
7310
5488
997
9062
1932
3306
4242
5358
11934
4607
10714
9158
4103
11082
7236
11720
6318
5489
539
8504
6271
10763
6821
7009
10473
9943
10490
2024
10146
9219
595
9974
5769
10283
10833
9678
2630
485
11795
4786
1688
9955
238
11528
5379
3886
7697
156
8676
3612
1611
7531
7815
9880
8429
11820
4535
11915
1786
10108
4499
2391
1835
5954
8771
5360
4243
8544
802
1463
3085
61
10311
10445
7029
7246
9784
1002
703
4872
1020
10445
9046
2926
6201
3420
1663
9818
10442
122
6890
8745
10580
7974
7252
1608
4176
4643
7396
8465
11258
4594
6351
8473
3315
8013
79
2667
11329
3999
3825
9606
5380
3329
4631
61
10407
5900
8668
8367
10148
8126
11646
1956
10138
2080
5605
6774
816
11144
9754
6925
3370
6157
8799
5853
9916
11786
7328
5718
5911
8821
11347
3376
6401
4579
7933
11458
802
340
7235
11532
3324
3933
9703
5186
4011
1141
1418
101
8536
3485
5799
3787
7487
8255
10707
9646
7820
7341
2133
4348
2481
8418
1124
10296
4889
9499
11533
5993
1071
7642
10410
8655
1660
4758
10502
1251
802
6038
11339
8379
9237
9403
3764
11991
8357
5691
10535
8982
3018
971
8759
7977
1208
10386
4433
2411
2350
1390
3252
5095
9130
2985
5091
1927
2148
2787
2249
7287
8540
9241
3491
8859
2919
2265
1369
11251
9544
11863
5026
5757
4582
6944
6851
7944
10650
9605
10833
7511
537
5561
3384
1941
3044
3205
1643
964
11384
1936
1902
699
5354
4946
7830
2579
8722
4579
541
760
4843
3644
4315
10701
2451
1765
6923
957
7924
11870
8016
3962
3991
2347
8928
3662
9943
1188
2496
8380
854
9615
145
4111
9138
2210
1499
6688
8975
2505
1155
6883
702
1275
2030
6454
8233
1440
8829
3544
9869
534
666
10527
1586
11111
815
4533
9947
11248
9755
8361
9232
7488
5376
5314
6220
5088
1187
1770
4230
7367
9757
9860
5637
7247
8403
9643
2990
9734
11251
9499
3215
2142
8314
11190
11067
9266
2140
10183
11074
9524
11803
6241
7670
9239
6681
218
3027
7773
2480
2167
11314
165
3299
5504
10653
8188
2370
3953
8037
5435
175
10331
9757
11066
6191
2984
6599
10278
7394
4785
7167
9360
8906
11075
8090
1327
11818
2798
8759
4729
6219
9305
4364
11088
3868
9901
8656
3755
6681
8202
2730
4617
376
6719
10513
1144
1087
10811
5307
685
10691
5261
10805
7692
5824
9212
6482
6752
4195
10045
9048
3827
11855
4019
2877
10023
414
7108
4880
2513
10003
3415
1262
5897
9893
10955
4902
318
2202
9268
817
102
1003
10479
5226
6438
7407
873
1191
7818
10853
5914
2637
6487
1804
1875
6748
4068
5485
7852
6297
8828
24
6900
455
10702
9513
4394
903
267
7008
3469
7804
4238
8385
1451
7243
882
5210
3721
2214
3889
5446
4274
5040
2807
804
3493
6315
6045
6955
3232
2038
749
11564
5319
2554
10529
11250
5907
8231
1046
2097
4875
1531
2906
9211
4536
1160
7062
3092
11437
7491
158
6219
10860
7209
5709
6268
7877
7401
6009
6755
5415
6813
6899
9674
10765
5018
1204
1827
11327
10499
10724
3041
10111
4392
1031
2401
1634
7695
8156
9824
3294
6200
11403
8992
215
9211
4066
5641
4732
11358
5763
2600
7337
11324
6358
3747
11837
5315
147
9155
7898
388
17
1248
6796
7457
6670
4652
11391
11893
11870
10695
4733
9046
8751
7138
3646
8886
2847
8755
5795
10111
8367
8727
5400
7688
11552
8618
11711
8714
6635
3814
3726
5816
3927
9814
6364
3016
10016
670
5392
2045
2821
2115
6934
9560
1440
2564
8172
5521
6249
11186
7154
8198
10650
7618
1176
5853
10140
8675
9214
3077
1057
7535
229
11106
10380
4383
7887
8117
1412
4398
7368
11609
5930
5223
9393
8385
1580
7692
2470
6514
3833
8608
2574
11814
10723
735
6100
5014
5899
8959
6904
8655
7183
675
3583
1150
7860
10996
905
7113
4365
3248
3386
8124
8802
10492
5495
4576
3916
2440
1828
1047
7666
2147
11821
8857
6492
2249
1174
4035
2612
5275
10136
10876
1423
706
3172
8583
48
4955
7244
5204
3556
1332
11057
1131
7119
9333
7087
1885
4586
2199
4090
8748
8452
6739
3989
11965
9164
11769
7665
2863
2953
5293
5143
4144
5086
11688
1040
7948
11456
4670
5844
982
7850
5692
7728
9089
5021
4703
54
6064
10888
8819
8610
11365
6672
2486
3821
8565
11767
2077
4803
6949
10376
4656
108
2628
11647
752
8337
4861
68
520
4581
9968
8310
3529
5686
5295
6497
707
10894
1147
6038
586
2198
7429
10718
9008
9031
9913
8653
5853
6481
10663
10001
2085
9235
6054
1005
9584
8772
8186
971
6707
7091
7162
11210
2434
10355
10798
9769
7206
8290
752
933
9201
8072
9923
2035
6802
6635
7137
6018
1407
8955
7716
500
5483
3830
4502
4745
4899
9056
5195
8997
8112
6599
4582
2042
1623
5498
10322
4680
11424
11685
6368
4914
7765
5802
10954
11251
5594
4270
2279
11406
5414
1540
4573
4983
5042
10368
10197
6402
7926
8358
11742
8357
6147
6737
11806
8534
2159
1410
3182
9081
548
10858
4653
11522
5756
10265
9416
5318
7700
4520
6342
2227
637
4316
877
888
9349
7571
8300
719
10886
6750
5429
5278
7615
9370
11520
10654
8189
2125
9200
217
11339
8493
3722
11269
3009
9592
5658
5647
10374
6240
4329
5266
10665
818
8860
8865
490
6484
6703
7912
4477
4658
5774
3641
4565
5424
10056
9631
7174
11609
5624
5114
2735
5761
443
7392
6702
2115
11159
5248
11170
8878
7286
11194
9635
5744
3766
4661
155
1545
4825
6931
8348
5310
1377
7616
5144
4704
6936
3957
1116
6964
11050
1965
7456
2887
10729
10618
3327
321
1184
8861
4294
7806
11348
80
2973
3648
9269
2013
6747
8661
1396
3721
8583
8186
91
3298
7455
8724
3417
4406
4790
10623
4331
4517
10611
2730
6832
925
5680
1796
2465
4096
3961
4635
7779
5905
3113
10643
5887
6527
7481
10283
5261
6484
6182
5467
10189
3348
413
10527
2032
4043
10978
9551
2506
5461
11303
5351
1633
303
6835
11179
3859
7572
10748
8546
8017
4071
8238
7098
10404
8570
5498
11480
1165
3939
8541
5486
531
10626
3598
9512
9134
11236
6693
9447
9710
6812
3232
5594
3941
4520
9129
5106
2020
6049
4953
4612
11716
5915
8003
5338
2286
3156
1963
3012
2549
6589
11930
11173
7734
8826
2114
5257
4439
1668
4414
7937
5093
5302
6305
5655
777
1876
8138
8166
2068
8567
2949
9121
1788
217
4269
343
9100
830
5174
11406
11342
6977
10977
1508
6336
4118
4441
6342
9566
5346
4318
6779
5742
4764
5239
6659
2677
6971
3660
3842
9255
5585
8538
7903
2449
5717
10831
7448
2929
5559
6667
8027
4756
2948
11147
11969
9970
9783
7293
6177
3587
4617
7503
3061
594
7517
11165
3233
7976
1464
1697
4468
11633
3112
3308
5652
8258
6622
8153
7041
3796
7614
8321
1158
9076
11916
8222
1982
7525
9846
11471
9821
9561
3179
8228
7396
7359
8757
6237
5080
6108
9838
7432
4174
1724
11849
11989
6251
163
11120
9094
263
6075
3460
4464
11068
8455
4122
6782
1366
10320
9716
4721
3812
4085
2088
1134
5127
433
5941
11233
1556
7895
10156
9212
6835
1184
3325
2806
8095
543
4892
7638
7708
3914
6642
2979
90
708
6893
5686
7791
6270
5823
7588
985
9831
2777
3485
4524
9819
11173
166
1240
6839
3828
1527
9022
4476
1029
6838
2418
11251
3622
2630
11120
7651
1671
1407
9693
8100
7910
10550
7217
1050
6255
2273
4302
11092
1060
8387
3980
7044
6592
9883
2510
3420
4369
10990
9951
9535
6555
371
10615
2656
512
501
6095
3233
8912
2055
558
7146
5465
1231
9350
2270
6391
8485
9672
4326
8152
1028
10216
10078
10760
677
3118
8385
5162
5322
429
3435
729
6252
4566
1688
789
9001
9776
10630
8469
6102
7654
5398
1723
10305
2091
6639
3543
6300
11778
3695
2673
1903
11477
11249
4046
7889
765
1039
10223
9326
2810
11060
7754
6250
9962
2879
11221
9928
11558
1261
11072
10702
10305
1241
10989
549
4980
2131
2587
6016
900
1611
5665
5046
1730
4167
1014
8511
8672
10545
7958
7870
5937
2769
6343
405
8628
2407
8625
6860
10783
10402
11967
9089
9273
6685
10961
9420
5651
9157
605
1006
10738
4280
2600
3262
7866
1634
5811
6798
2158
8210
7925
7871
11095
9067
11855
9388
11847
11140
7382
3885
9440
613
7797
5686
10827
1160
4998
8537
7279
4732
10520
7578
1240
10241
395
4354
11898
8568
6550
2867
210
6783
8599
7271
8961
10269
5435
7854
4685
10675
9948
11331
7864
4150
4494
10209
1817
8304
3382
6159
7028
5641
3731
11823
8421
3912
3422
2358
8159
9920
8701
308
6061
6742
4132
3016
7549
9173
10145
4800
1314
8387
8364
6497
3438
4386
4162
10770
11752
7763
7575
8669
1502
10609
11750
3481
9191
133
4519
11768
3504
9589
11477
4783
10763
5594
6114
2045
3166
10723
2108
6917
7338
11465
770
5383
4289
228
6967
9986
9870
5977
9485
9052
7194
5468
2842
785
5179
7706
3005
8772
8507
343
11216
1639
11760
10165
8336
11259
2352
4680
4638
8948
9117
3962
10913
5420
9986
1534
4020
4083
9215
1977
5726
2374
11934
7324
1658
6325
1556
7944
1687
7479
7661
8735
7774
8507
10464
3889
2549
6512
10840
11289
5383
11043
2089
10834
2664
3202
7246
3531
9267
1001
5710
4178
2879
4269
1339
3729
7873
1901
859
8205
6875
7150
4576
11023
1909
10912
828
1109
9231
584
1495
9949
8455
3115
10096
8981
1525
3216
4624
238
10374
5498
4233
2171
1756
410
264
2843
1823
6376
11817
2444
7392
2430
10181
8088
7666
8875
8921
8361
3344
6165
5270
2876
5572
192
11708
9295
3145
5571
10220
876
6613
7261
11687
1514
8660
6998
9247
2608
1143
4535
1172
6751
4589
8575
9921
7347
7768
6522
3502
676
11096
1835
1153
9775
10194
8778
1549
9700
4828
8731
375
1290
1751
8006
9079
1530
1647
2237
3962
10910
399
10938
4508
1895
9352
5687
5956
7679
7998
4684
1594
8866
5706
9043
1117
5509
10656
8205
6616
11196
4045
3243
11368
6370
11937
3583
10592
95
7787
4818
9667
8753
9730
4777
70
10865
6116
5942
2361
11336
10588
8511
9057
5819
10162
4090
6067
4764
10309
6988
9609
900
11949
4467
6121
7461
4583
5088
5658
1434
3428
11396
10653
421
484
11731
1593
11419
3879
3821
5327
2866
2607
2068
165
11794
10987
1108
791
5716
10655
6183
7253
10092
9884
4312
7891
10791
8260
2961
36
2911
9455
9074
6693
6653
9851
8821
10121
7619
6208
1337
2356
3025
7346
9948
8179
10711
6994
6040
11909
8703
9483
1740
11621
7255
4896
9958
8976
8879
9577
6097
11882
8827
9555
2881
491
802
8504
265
4838
8380
8257
274
4464
5703
6704
5873
2919
1447
1056
9620
824
1892
2006
1860
6459
10120
4247
1594
2411
2960
9069
11947
10825
11207
3473
10253
134
4012
11231
335
8884
9010
8774
9408
7378
1835
10576
4300
11343
4127
6860
7358
11667
9942
9001
11350
2511
8709
4926
1145
4665
4401
8088
3627
4043
9597
3282
10514
537
3380
10578
7213
2188
11755
1116
6743
3738
6323
9241
11030
1116
9415
10676
10512
10250
1680
11940
6979
11844
11376
10160
1
9345
3118
10686
10021
5333
9857
8635
5358
3895
5127
9481
3844
5285
1339
3260
740
10291
3952
746
808
7187
2811
8111
78
2013
4763
11131
11832
1168
9852
926
9751
3892
10993
4502
889
7191
1949
9037
10324
7130
6762
8903
9791
10143
7509
6810
10547
2097
6307
9294
5934
9364
3944
7878
3764
8973
7347
2853
4667
4166
7287
6464
7910
1282
297
4649
970
3880
739
1098
1283
4345
8257
10472
4095
9988
2580
1018
1232
5722
3696
10629
3862
4887
860
2553
7971
1678
6758
7493
270
8814
1294
9786
6655
2723
1101
4602
3089
5507
5780
8800
7914
4265
2207
10119
7126
8129
5973
11787
2009
3441
4061
4429
11814
0
7321
2337
4778
2150
1155
4682
809
3706
5990
191
4547
11357
9701
2083
4261
7101
112
10756
6188
2697
3003
6712
9441
5777
11763
11687
11473
8436
2902
5683
4377
4531
3092
11821
5916
9835
8203
3435
10192
3380
5040
4773
1270
955
8028
3949
8799
8680
53
2473
5846
5967
7001
1693
11638
4877
3216
966
1826
10997
4191
3086
2114
5460
9240
9745
11754
2557
2737
7283
3422
4642
3702
2936
3355
7623
10074
10079
10417
2330
11990
1614
8877
9381
3684
1718
7211
1925
6340
7562
10113
11716
8292
4421
7166
3496
10422
3760
7277
463
1434
6413
6950
5885
11867
11905
8915
8493
3306
256
1336
10278
4174
8258
7006
2666
1836
288
4409
8796
2421
6113
4446
9693
2879
948
1862
4653
183
4189
9066
973
6475
8802
2034
5422
6102
7237
7371
7431
1083
8063
8390
5966
1515
4166
6167
2422
10706
10393
3087
4569
11569
7973
5240
5731
4851
6789
10318
2820
5242
791
7280
729
221
2358
11091
2804
2694
2331
6190
3727
2075
5761
132
6127
3368
3034
5987
3572
179
4141
10564
10348
11260
10218
5442
8536
9254
5318
7048
1341
4792
2523
6634
8548
2872
4052
7055
3145
1696
10945
604
11802
684
8179
939
9856
334
7766
6268
5809
7942
11401
477
11090
1880
7661
1759
7916
1199
6542
8568
1581
8789
8295
10384
1363
1143
4058
5733
448
5964
701
6353
11903
457
11602
4115
685
6048
6727
4461
7049
9652
5436
6640
426
3268
7863
4889
10983
6775
11494
0
6510
7246
4744
7301
3182
11926
8889
5155
11929
7204
5602
11406
11803
6506
7656
8002
11662
7974
9007
8156
11875
8106
7541
3893
4485
6258
1147
4757
9346
2971
3615
8679
3269
6526
2982
9659
11029
4963
3531
11939
7339
11013
1542
2695
3501
8928
195
7079
1417
5198
10687
2553
6992
5405
2680
7965
722
11221
5606
10738
9318
10595
3144
757
8749
8634
6368
10208
7899
8510
583
10636
9290
4923
816
7847
6921
5219
1188
10074
9243
1218
93
4948
11672
2127
2122
10322
7739
9612
7115
10890
5108
10189
4503
8810
10161
5512
5266
2161
2703
2006
8395
8095
4582
1446
5634
7912
8610
1697
5607
1062
1167
11742
2066
2215
11203
11490
1079
31
10110
4508
10347
6189
3027
4947
682
10444
4618
331
10806
2169
1221
3742
2200
8810
2519
112
633
9094
11439
5913
5309
11579
7026
3477
5216
11279
1342
4524
11340
606
6206
10155
8779
11750
682
2636
10630
1896
5698
7782
7645
4305
4048
5527
6253
5282
242
517
8387
9482
3301
10077
5929
3719
8539
3922
189
10605
11760
2238
911
1872
11016
6508
5710
1068
5175
511
1638
2648
5030
9372
5734
9043
7544
6361
10968
7370
11049
6361
3917
4782
811
1471
10763
8247
10382
10166
8928
6674
495
2784
4649
2813
1979
4775
2266
9241
6308
9235
6730
3022
8858
7716
11071
7240
7787
1094
1057
2651
11720
8497
209
9043
4
11866
7656
1698
6266
8673
8931
7461
3399
7632
9902
9433
11796
7961
416
11204
776
7793
5042
10793
5624
11830
11473
3115
7514
8104
10661
3771
840
6968
4719
6391
2035
1944
6887
2488
8002
10081
4519
10923
10586
2733
1142
11611
8268
10411
8983
6957
7370
9418
9219
4794
8533
1421
1328
4229
2080
3958
1491
2802
125
54
2890
1761
5880
714
10057
2016
5588
2994
5092
8473
1885
2686
7603
10954
5108
350
4656
1798
1173
10499
11791
11515
5137
2186
9363
2466
4399
5081
7966
599
10747
313
4659
2621
4032
7929
5978
6769
2271
6772
6393
3461
9285
1910
9920
3651
7774
1430
3999
1554
6763
2508
6569
4719
5901
8100
9404
6016
898
8428
9344
3153
8653
5625
9971
3711
5202
7505
5554
11431
4628
7329
10771
8659
2388
812
5761
2334
10288
9269
6467
10807
2409
10910
1026
37
11783
2711
2136
2350
6466
7147
8864
8949
2896
9235
1293
10766
18
7939
7674
10985
3640
3920
2439
10736
4855
10950
6469
930
7063
2999
415
10128
7272
5088
7687
8579
8804
7431
3868
8206
2400
9249
7881
11320
957
794
11121
7250
1724
1728
4093
3821
6765
10939
9740
9742
9858
3205
695
2516
7726
7803
8110
8308
3605
3255
2511
5541
1626
832
2293
2567
9357
11278
7003
3801
1064
6405
495
8088
5878
11783
11325
9838
1010
2709
2408
1589
6527
2949
5037
2176
6943
4463
1742
1586
5949
379
6284
9805
2123
8938
11248
6641
7303
10976
10226
488
11525
11664
4511
8392
1056
8853
9523
7555
3008
5276
7825
11526
9400
8210
9675
8856
5242
9900
2439
7882
1335
7092
1002
10549
8956
6516
8479
10843
2462
10950
8072
11391
1047
7703
4830
7196
6545
11938
4371
6211
4095
11202
2288
10626
6874
6845
11008
10219
8838
4718
2274
8025
481
7615
5256
4850
2149
1371
8399
772
1263
1346
11727
8791
8058
4233
9191
10183
5046
11708
7967
872
2376
5359
9271
3265
8651
8702
11291
501
8458
7747
9282
9985
7997
4675
8625
2292
662
1639
5855
10198
11294
5509
6176
4592
1038
9589
1924
11417
10371
4923
10714
2540
1807
5719
8682
9597
188
8793
9274
11365
9163
9585
11466
8104
7574
7418
5056
8569
2964
10078
6883
9035
9246
8656
2339
10681
5838
1770
5461
2074
6145
7849
4202
11253
2265
11150
5127
3043
8149
1458
5834
1760
3174
5145
3813
5324
10193
10334
5254
90
2609
9363
2477
10327
7866
9546
8212
2281
8006
10484
847
6173
7504
678
7097
4194
4625
208
3175
6766
851
9537
616
2774
5697
5190
6304
2421
9320
11171
4068
9588
6810
10378
5344
225
5905
3140
2998
4308
2109
10189
7253
11302
5792
6942
10029
10796
6832
4929
9615
1151
7715
8533
3666
1486
9744
2884
927
2232
11103
7852
10878
10723
10012
7510
5670
2971
1065
2277
10246
724
8062
8140
8484
10355
263
7936
7475
10846
2975
7623
2719
2288
1715
9786
2072
7831
3962
3331
3685
4887
7576
10395
10984
9687
6468
8941
1881
4874
5953
2338
5990
2893
6447
3425
2497
10257
8780
4131
8650
3592
9362
8666
505
11454
825
2635
1596
4444
5452
8119
7614
6041
856
7832
1986
7809
5812
9940
10402
1295
7026
8913
9883
940
8843
9016
5908
7699
9513
7598
3391
7849
9598
1296
11999
3587
4472
7591
11317
7525
11596
2861
790
10102
6341
10124
9179
3164
3633
5159
6422
10624
10541
8475
11334
2102
11142
4807
1504
3863
5638
1419
3044
5102
10650
9400
3494
2774
4983
502
7260
10689
2882
7742
11339
10461
10910
9080
7933
7176
3050
3923
11657
7261
7507
2038
6646
85
9882
1657
8758
10160
9038
10109
352
5614
5932
8313
11815
4726
2035
7719
7037
3823
8727
11058
11457
8727
6124
2278
5085
4221
3287
524
5105
1600
1631
5836
3151
7422
9565
434
1337
8952
3001
5037
4341
9528
1370
4610
8578
10262
8101
272
3487
6941
8301
1762
4411
952
424
7977
3321
10239
3243
7514
4814
3004
4267
6982
2349
6823
8984
2061
7615
1288
3920
4834
6206
6979
8483
10894
7453
1785
8906
7026
9304
11042
2350
5003
6559
2864
10328
11041
4567
2333
8073
7999
8644
9789
8369
6141
10043
1537
2547
8553
10186
9634
5990
10824
8198
5191
4453
11594
6426
6770
10869
2862
8682
5960
4025
673
8359
6099
6633
7853
4371
7377
2756
6929
10022
2205
1437
3196
1474
8702
8601
3064
4373
11602
910
5430
7511
10589
3202
3758
5060
8236
7556
3835
7948
11227
8700
951
10380
9427
7616
6234
1295
1623
674
1397
4712
10413
5465
9918
9464
7703
4757
4928
11743
8681
581
1601
7171
1903
9463
4842
758
2232
9131
9345
5198
1922
2801
10838
2313
4987
7228
4363
9299
5303
11183
1922
571
5470
11896
5630
11544
11527
10210
7705
617
1966
2805
11224
5917
2270
11858
3507
23
10316
2800
7307
10937
5528
11628
3710
4984
3517
2295
8691
1125
239
10187
8754
6313
9304
3565
3880
99
9119
3069
4220
1580
6893
7985
4544
3093
10346
2969
9410
8719
11035
264
6318
11710
9790
6179
7854
7369
2580
10721
6862
10690
6443
9715
3156
11270
3701
3651
2104
7498
6737
8680
2608
9997
10964
2823
4585
6534
6403
2415
9997
1337
6405
4168
10823
8747
5568
4977
4015
2598
5800
8682
3631
10467
5728
10493
1704
4154
10279
7625
6299
2237
307
10946
9359
11520
6480
7021
4561
7450
9444
10923
2298
1252
7394
1548
11284
11592
8693
10888
5936
2973
9089
2830
11781
7876
308
5520
5579
6820
5473
2202
10686
4068
10780
10656
3356
10603
2272
2978
8301
6314
5300
3405
3714
7987
10398
8283
1349
10744
825
10954
11902
9979
1880
9487
10039
666
2411
10639
856
3026
6514
11287
4381
10145
2485
2808
8923
2013
2431
490
1664
5751
9739
9032
5820
11475
728
8543
10021
1290
5302
3210
7285
11293
7354
849
11999
7307
2874
2116
9802
2193
4409
927
5064
8152
8488
4931
3863
5341
38
8453
10957
6421
2575
2305
3148
9320
7083
5238
4822
9548
10004
2510
6083
4797
5673
10182
6035
4373
2758
1209
1166
10173
7922
3256
11643
4447
6942
4411
10507
6514
9894
9553
8350
5908
8767
1135
986
3057
3035
1466
1964
2698
1200
1354
11467
1590
4212
24
6222
10929
11950
5747
7472
3003
6554
3451
7925
7191
4450
4816
9751
10307
8253
9978
301
607
2528
11911
2169
9419
3511
8965
11516
5421
411
5709
3322
8002
2786
9380
10252
7920
2765
8700
5313
11672
8524
9673
5284
493
2413
3220
2103
11854
7549
8103
10969
2609
6430
1579
8871
2590
8268
11561
9573
3534
8261
1834
789
10600
9880
3926
8354
4557
10558
7756
2644
5881
9751
6023
4327
5540
2391
6524
11724
7161
2130
2203
8631
11589
1510
4712
3401
3478
8379
3616
9422
6631
11332
10107
7810
205
1885
5206
7211
11700
9325
5895
9074
8805
1829
4488
7564
739
2454
2785
9473
6617
983
1141
3103
1693
8374
5591
3992
3966
7708
7479
3713
5713
4023
9844
9670
10902
5322
6831
8876
6251
6308
2963
9161
10854
7015
3891
11074
849
8542
7536
6946
3505
3472
2075
2158
7423
3304
3269
3598
2181
11396
9935
5622
5833
1402
11127
8539
6052
2078
1678
4694
6535
7605
2243
10702
6435
8203
11841
11176
7120
817
5115
9524
5515
2063
7152
6942
8525
5363
7655
7683
4752
5339
9651
9025
1724
7064
9628
2017
7300
5630
90
8217
6692
10771
8036
28
9715
1909
9678
2094
8432
11019
984
8412
9254
56
7211
10391
9876
10499
2583
3019
8072
10666
7632
11662
4443
7985
4432
676
10595
8284
3075
7123
10057
423
2229
8296
1380
6249
4429
624
9426
10824
5056
11684
1762
8316
4478
10653
4371
653
7887
1472
6563
9224
663
5305
11003
8379
6861
603
1192
3397
2506
2133
5554
6852
7871
784
10401
11920
11753
1809
1647
7196
6019
6325
1016
9001
2272
3505
10807
3863
477
2802
3933
4057
1762
4929
1012
6549
4300
6943
7672
10612
8318
930
7078
11621
11750
9180
6790
8180
5890
9596
9675
8745
8661
7276
3450
6298
9696
1765
6773
1370
6410
8452
3441
10882
3630
8876
8309
10748
11020
441
2949
8088
6710
3078
11883
173
9962
2879
1368
11830
4611
10514
8267
7081
2192
1472
6461
8146
1342
9719
8535
5721
3968
2341
1157
4578
5097
10027
3601
10035
2002
2985
281
11732
5341
11936
9968
5438
8492
3274
4520
3193
1168
10338
10490
9170
3570
2892
9924
10974
11988
533
9924
9880
9728
6659
6226
659
4573
9965
8099
8122
5762
2154
8286
1425
9532
1581
8467
10437
2781
9050
11964
9095
7244
1753
2858
690
7824
2595
8702
11425
6299
4673
8222
11327
11640
8658
4125
7758
8499
149
6157
239
8174
10752
950
6255
1466
6723
11031
9889
8305
8474
5506
8846
2899
7030
3472
8385
1380
5770
158
9090
3522
9321
9045
3169
1100
10446
6932
7105
6792
6076
4905
986
3296
9357
10642
749
6384
11623
218
2813
10148
6693
4806
11220
9521
3688
3152
9423
2384
11772
6666
240
1192
4798
10239
4242
8023
9780
10580
7012
11300
2455
889
3186
11193
11866
8120
8102
5784
10012
6877
138
11575
8023
2140
2433
9775
9164
5578
11748
8025
9170
5125
10551
9825
9974
756
8217
6919
7858
3124
4349
1244
11367
9705
11743
2761
2030
1551
2407
9624
8009
2539
11304
1608
1243
8156
5129
2555
481
10424
5438
4863
9787
3469
10839
6618
4694
10549
7705
5966
8114
1
9026
3675
11443
2638
8499
7552
5005
6514
5886
11520
6036
10799
9872
9601
7888
4644
8356
928
4915
11494
1061
6149
1745
179
3790
153
9192
7453
9368
7085
6008
10291
11473
8915
6024
2299
4086
8597
5889
7019
9120
6942
7742
5705
10126
6809
1543
8291
8547
9088
1663
9863
11027
8150
1507
6794
5689
2090
10507
1076
4014
5012
5822
5980
1124
9014
10331
1259
8782
8234
3270
3515
2280
2417
7915
5145
2680
2970
10134
5447
5503
2300
6515
6009
9948
9478
919
1425
7151
1873
11907
5684
11712
1376
4451
2222
11891
3194
5634
3688
6371
925
5766
3899
9358
3727
7402
11234
1082
1873
5222
9884
1370
5856
3515
6952
5991
9406
1256
5264
8852
4422
1300
6087
9893
9771
2196
8597
2649
6302
4422
9990
2990
9089
7567
5537
5396
7106
7030
1699
7421
7934
10298
3559
2622
9019
11634
392
7231
9201
2261
6097
258
10836
6657
10524
8456
3831
4558
7379
4717
254
10566
4443
6994
1919
2981
4265
4718
5445
4520
8267
4934
11771
8072
375
1042
1972
10437
3841
3013
4439
6192
4816
1359
2093
10429
10557
7875
301
3030
6792
8334
8490
6490
5831
11805
9209
3975
6407
8160
9483
6404
6050
1607
2778
6769
4944
5698
3773
750
8766
8301
4339
862
4930
11393
9749
10962
3948
8301
1117
6892
1275
8145
5419
3339
1085
5768
10180
719
7786
1300
15
6948
9936
4785
8701
1420
10347
5929
9297
8328
11720
3036
6079
5681
5078
8584
9633
2919
8553
9671
10475
6000
6744
3678
8872
10146
1917
9011
5300
9127
11733
3687
3083
6067
5971
10773
6206
10156
10898
9323
11190
6524
484
6494
8124
705
6539
868
10552
8697
7206
2814
6909
8585
2848
2825
7546
6000
8458
5294
7113
1403
2104
1076
182
6243
5747
9445
2460
5502
5903
10696
815
9957
3198
10636
2552
2671
11744
7623
1989
4841
3605
11551
2363
10038
10241
4323
11460
11217
11894
8870
10060
7581
3284
653
9455
441
7790
3851
11704
4669
6424
76
8206
3178
8502
469
6374
46
1789
8403
797
7468
9201
5806
8266
709
2834
7233
9396
5502
102
2337
11304
4071
11207
5270
1894
11032
9947
8815
10823
6843
9038
9680
1010
4341
8673
1398
11860
11067
946
2665
4905
4682
9082
9710
4604
701
3063
11424
1357
5122
2292
9496
10553
9198
11362
2673
539
11707
770
4549
5925
5488
8603
7896
2444
11868
9757
9582
11864
785
175
502
10014
11990
2862
8706
7998
1656
145
9051
10010
11072
4633
3204
888
1749
11805
5733
2676
8396
1905
1255
5912
3627
2015
265
8238
2118
8712
9290
4148
5108
3633
4370
5296
10723
566
3654
10778
7555
3347
3032
11136
8244
902
8231
10583
10514
7176
11677
1037
3186
5479
10726
11057
8144
6974
1457
2589
2058
9539
5257
10705
5844
6192
5823
8094
9455
9518
7936
7053
6507
2241
4538
11083
3594
10112
3115
3932
2829
5704
316
8002
9239
10485
8961
4577
3073
11741
10257
1106
8924
6423
10039
4085
741
9944
9240
5622
416
228
11565
9788
5544
1970
9462
7211
7309
1153
5018
1071
4118
11223
7281
10793
8709
2170
9762
7204
9892
11905
11542
762
8898
5867
10366
4718
4537
7717
10557
7661
2914
7275
8285
10880
8412
1508
1908
11343
4977
426
1581
8804
4439
8181
8245
1676
9664
6421
9344
2766
6814
2142
5262
4843
10766
3830
8504
1239
4995
5583
2998
6263
1753
5201
1683
4229
8366
10921
8668
4213
4755
10481
5778
2428
23
9655
10164
11163
9998
3151
5938
10754
7083
6973
2420
2895
10596
1865
6602
5809
5951
375
9803
10447
8649
3390
2287
11813
7962
11630
704
919
3536
3656
5776
6554
1822
360
1498
204
352
10689
10398
5904
8266
6535
56
1677
7398
2251
6055
4447
1356
8193
11962
11897
6648
11960
3678
4765
5850
3674
1625
11367
4114
2710
1785
10933
11047
2661
1446
7394
6033
5164
11808
8762
4543
9333
7222
11107
9796
6135
9853
6343
318
11921
10942
1666
5547
10646
9591
7442
10567
7968
7172
3723
11360
8460
9917
9282
9713
1586
4177
11167
11930
10889
6082
11266
2006
8008
1965
9211
9695
2667
3944
194
7144
7734
10419
1871
4308
4690
4024
505
9329
11568
3696
2864
7382
2422
9039
5104
2182
4837
10058
10997
10434
1756
3576
1317
946
10096
11310
6076
6950
9136
1580
9520
4388
6613
1009
4392
4478
11727
8341
6988
11826
11931
1638
11822
1695
442
10633
8517
11706
9801
11887
3598
4354
9614
3689
2352
5150
11791
2235
2796
1031
6105
6681
6990
10888
2855
7999
8577
2607
3668
9377
1377
1015
4177
11
8238
394
1338
11644
75
7972
9563
8120
10122
835
7660
8470
7923
10190
10705
3659
1420
9695
7553
4187
11748
10810
5586
10074
1932
9666
7592
10548
1679
6909
7352
1881
3810
2314
10530
10342
5593
5639
1918
7106
10358
8277
826
3224
3264
6720
9631
3413
5906
6650
2006
1412
9738
5696
1271
5053
3828
1464
5631
1949
8502
3375
9687
8843
10742
10204
6685
1178
5972
9888
1380
10315
11934
254
11164
117
1871
10769
11307
4229
2066
6226
4677
402
9024
9500
3228
6614
4198
4068
5855
5467
7124
11925
864
6508
11191
8892
7348
8631
6021
960
6196
10566
2511
2429
6233
780
1076
1029
4172
10715
515
7042
4603
9289
2117
10637
8136
8028
1235
2217
8159
2880
8571
4507
7273
980
1719
6454
5580
4074
10286
5702
4360
5263
987
2474
10487
9918
616
3153
11133
7339
10626
10674
10779
8648
3300
9021
3553
8887
6090
6746
9151
10969
9689
1302
10275
10333
4743
6383
5596
5623
1867
4108
6617
621
3695
6987
3662
3912
215
9047
9323
11406
5471
7321
5296
4849
4950
8112
2421
8837
2576
4998
10040
3617
4219
3512
11469
11100
10982
6753
1398
994
8250
6863
10485
6899
5600
5413
2160
10425
150
7161
8866
9044
9776
478
7481
2418
8865
9956
8581
4307
5863
10244
3520
4920
8872
1159
4944
7745
8905
2393
6419
5357
2124
3886
3258
629
501
8957
11437
11009
4832
3782
2637
2175
10869
10598
9028
3387
586
1229
9286
240
4177
6105
11657
5288
8400
7871
549
9150
5185
2049
2150
2197
9212
11871
4023
9847
8230
8505
5391
2711
5377
11331
3023
10508
4628
9763
8139
9653
10719
2282
6708
822
11505
1962
6776
553
11676
2682
2151
8090
142
558
9786
7162
3090
4835
668
10323
8849
7541
4749
2675
1180
3652
9686
4508
8430
3353
10658
4332
11266
11180
4455
3215
3285
7383
3351
10075
2763
6820
897
11717
2199
2008
8857
2924
7012
3654
9898
4791
11851
10068
2450
7750
491
6305
4325
9382
5102
6711
10209
8113
6944
10748
9081
6286
11114
9532
8886
1844
2989
7501
7477
3040
9326
9915
2866
9032
6738
611
8242
9184
8358
11520
36
5097
11986
9861
8435
8061
9871
815
7335
6620
9509
2613
10595
10336
4441
1594
1805
591
4024
4724
3386
1404
5490
8384
3926
10767
10355
6939
10069
5857
10323
4684
11036
9791
3346
6194
74
3176
8309
10941
7629
756
3083
8247
1976
7834
3270
2189
8340
6887
11952
1061
3180
5973
8108
6280
8398
11000
3099
7360
4597
7823
8725
620
7354
9428
6827
3774
1618
10041
5286
8335
10876
72
8476
1010
1685
1145
1857
5794
2415
3254
10345
6453
11749
2208
10490
397
11525
1044
1186
1631
3905
5981
6773
4573
656
7730
11837
9960
2528
4634
4917
6879
3189
7110
6513
9193
7174
11260
3411
8154
533
11268
10339
10001
8565
7346
11293
1624
1071
6513
630
1088
9946
3348
8100
6896
6756
11153
4507
4292
5110
6575
5515
6760
142
4768
8355
6061
11398
5530
9792
10708
3664
7664
7706
2758
6957
10887
10972
4111
1957
4176
1070
4187
8557
4289
7966
967
1002
6489
10269
10786
1276
9111
9534
1137
8910
6648
8823
6896
10330
8390
2209
4000
2133
11442
2930
3525
8362
2068
11220
5442
3897
9811
8592
11045
2473
6746
11457
4103
8664
1473
7428
5227
307
8091
524
9809
5407
2420
2727
1039
1469
11096
8923
2104
7501
5974
281
3642
7593
346
5428
5800
35
1063
5558
4989
11337
9470
6683
9484
6320
8388
11737
5457
11613
9949
7077
7885
10417
2167
4184
6934
9354
4454
7943
8034
3460
8107
9889
10781
1100
4879
8129
10135
4584
11296
7424
9092
2710
10252
976
1067
6244
6672
7970
8676
6496
6686
1777
1448
738
11749
8947
10172
6074
2546
727
6169
7713
8270
4815
11739
10229
7004
3444
9332
1458
10454
2570
1722
6089
7151
93
7506
11790
4522
4497
3728
2914
1848
7149
10228
3314
11156
7728
532
2783
9467
4877
5668
4862
9578
1133
10233
11484
5720
4541
381
3915
4911
3119
3080
1910
2728
2410
3068
11783
7499
6861
10398
9236
3507
610
5265
371
7862
2519
25
205
1050
1846
2885
2299
9941
8995
7689
1795
2170
8072
9542
9186
8328
2766
8747
5567
11273
8129
3553
1900
2135
6345
1704
7010
8242
2416
5580
5559
9179
1921
9935
2156
5600
7631
6795
5086
11164
10713
11038
6769
9115
11633
10513
4120
3512
9598
10223
10420
9037
7467
9210
9062
2537
7555
9188
8724
121
10611
9843
11081
9620
7466
8867
8044
7623
2473
7401
5848
7058
1827
7508
7961
3421
10206
1601
9813
3266
9922
6475
5809
7463
7865
10656
10818
3994
10988
3212
10565
678
10979
3040
9839
5244
2940
1784
8390
10556
7560
7164
1656
10541
11186
2419
5131
1537
7611
1888
9252
6247
7086
6476
10062
9416
4180
9795
1733
11582
10608
4250
8181
1896
1989
2140
8561
11021
6710
52
7336
6499
8719
7411
1913
11747
4013
11971
9508
5976
6958
2399
9946
3824
3306
10747
10512
4414
11888
7734
2772
11768
6422
5180
3445
10187
10750
8766
7946
9181
7046
4487
156
8944
3125
9757
3245
11129
3990
11043
4049
2793
4088
4271
1564
1929
8486
7905
2503
2856
7283
7702
1691
7017
8050
4577
2216
9371
3954
859
9795
8571
8445
3392
1770
4507
990
8525
3384
7565
2322
3980
2705
10069
8032
11917
574
9914
4050
10202
7406
1255
2675
8968
4421
5396
5304
7007
3099
10659
5829
11350
3150
11013
8959
9602
6252
3657
6272
10160
6056
1464
1821
2391
4676
9389
4454
5201
1878
8408
5756
8069
9629
10470
4590
3759
5454
1184
1760
2319
1209
9631
3087
5824
1434
4658
4513
4530
9347
10447
365
7650
4867
872
3969
5941
11682
325
6102
10599
5450
4172
9528
11658
4631
2931
10969
1178
9232
6471
3331
7940
6932
6220
8875
3193
10578
8339
8234
5204
9977
7244
805
5942
6190
6577
11005
10141
214
9913
10257
7372
9969
3952
279
11387
1927
6874
11365
6121
6531
1766
9844
6166
7685
3686
9721
7358
171
10930
776
2317
2759
2460
2966
2360
7054
213
6987
5143
4807
9137
7182
4731
9460
3338
11731
1482
7110
11572
2148
1195
1853
9606
9612
4453
4679
10606
11486
1882
9584
9700
3638
9265
9511
9285
8760
6026
26
7366
1875
1533
290
406
3573
2006
4930
2617
9245
6520
6852
7560
4699
3639
7805
3155
1009
2716
4684
9843
4311
7654
5116
3669
11495
6189
5765
3411
10337
274
5103
7683
6602
11125
3058
38
1004
11815
7002
1629
3639
2970
4926
5872
2610
5238
6491
9815
5044
11615
2782
2538
2568
11561
4126
1961
11519
7025
6283
3768
783
4069
8593
3972
11147
6752
7329
11737
1383
2229
5556
9623
20
11741
1207
269
1885
11242
9899
1829
8936
1853
4140
7082
3810
6153
10170
11163
5703
9537
9562
254
11818
4427
1008
10311
1611
5060
8404
3078
3393
9943
2359
10113
9600
1718
9694
4466
10138
10287
3285
5886
8686
468
762
1098
10717
8310
11142
1680
187
8371
5352
4463
10501
11832
5946
7153
4292
8300
4933
4981
1949
4442
10712
732
4526
313
7516
8369
6792
7309
11561
11729
6656
10124
11258
10428
8047
8916
4402
9087
9580
11087
9163
7418
2920
10651
3979
7431
755
9123
4172
10198
2641
7171
10075
89
7701
3000
6942
9299
281
11463
681
3757
137
3405
3598
9103
2587
9519
924
10489
4287
9210
3779
298
8900
8558
3542
5662
1913
10370
6251
6790
3188
9702
11712
9620
5611
5863
10398
10228
4243
3042
10029
7633
8927
4110
882
2332
6098
2004
8422
7872
4829
271
3770
10172
3698
4945
6815
2057
5093
11869
3429
2606
1884
2900
7327
2453
8146
5139
4477
9006
4728
11395
11807
7889
9905
3541
10097
4478
9269
11259
5494
6463
11171
846
3003
6730
6701
10346
2613
5619
2119
223
6359
4769
9047
9093
4696
11253
3428
11758
